0 1 0
0 3 1
0 1 2
0 4 3
0 4 4
1 1 0
1 2 1
1 0 2
1 3 3
1 0 4
2 0 0
2 3 1
2 3 2
2 4 3
2 2 4
3 2 0
3 1 1
3 4 2
3 2 3
3 0 4
4 2 0
4 4 1
4 0 2
4 3 3
4 1 4
5 4 0
5 4 1
5 4 2
5 1 3
5 1 4
6 1 0
6 4 1
6 3 2
6 0 3
6 2 4
7 1 0
7 4 1
7 1 2
7 4 3
7 2 4
8 4 0
8 1 1
8 2 2
8 0 3
8 0 4
9 1 0
9 4 1
9 4 2
9 2 3
9 4 4
10 1 0
10 2 1
10 2 2
10 1 3
10 1 4
11 2 0
11 1 1
11 3 2
11 2 3
11 0 4
12 1 0
12 0 1
12 4 2
12 3 3
12 0 4
13 0 0
13 3 1
13 3 2
13 1 3
13 0 4
14 1 0
14 2 1
14 1 2
14 1 3
14 3 4
15 3 0
15 4 1
15 2 2
15 0 3
15 1 4
16 3 0
16 0 1
16 2 2
16 0 3
16 0 4
17 1 0
17 4 1
17 1 2
17 4 3
17 2 4
18 2 0
18 1 1
18 3 2
18 4 3
18 2 4
19 1 0
19 3 1
19 1 2
19 3 3
19 0 4
20 2 0
20 2 1
20 4 2
20 3 3
20 3 4
21 2 0
21 2 1
21 4 2
21 1 3
21 2 4
22 0 0
22 0 1
22 1 2
22 1 3
22 0 4
23 1 0
23 4 1
23 4 2
23 0 3
23 1 4
24 3 0
24 0 1
24 4 2
24 0 3
24 1 4
25 4 0
25 4 1
25 4 2
25 2 3
25 0 4
26 4 0
26 1 1
26 3 2
26 4 3
26 0 4
27 2 0
27 3 1
27 2 2
27 4 3
27 0 4
28 2 0
28 2 1
28 4 2
28 0 3
28 1 4
29 1 0
29 0 1
29 2 2
29 4 3
29 0 4
30 1 0
30 3 1
30 4 2
30 2 3
30 3 4
31 3 0
31 2 1
31 4 2
31 4 3
31 0 4
32 2 0
32 3 1
32 3 2
32 1 3
32 2 4
33 1 0
33 3 1
33 0 2
33 1 3
33 0 4
34 3 0
34 0 1
34 1 2
34 1 3
34 4 4
35 2 0
35 4 1
35 0 2
35 1 3
35 4 4
36 2 0
36 3 1
36 2 2
36 1 3
36 2 4
37 3 0
37 4 1
37 1 2
37 4 3
37 1 4
38 1 0
38 2 1
38 4 2
38 0 3
38 2 4
39 2 0
39 0 1
39 1 2
39 3 3
39 1 4
40 0 0
40 0 1
40 1 2
40 3 3
40 0 4
41 1 0
41 2 1
41 0 2
41 2 3
41 1 4
42 0 0
42 0 1
42 2 2
42 3 3
42 3 4
43 4 0
43 3 1
43 4 2
43 1 3
43 0 4
44 2 0
44 4 1
44 4 2
44 2 3
44 1 4
45 4 0
45 0 1
45 2 2
45 2 3
45 3 4
46 1 0
46 4 1
46 1 2
46 4 3
46 4 4
47 3 0
47 1 1
47 0 2
47 4 3
47 3 4
48 0 0
48 2 1
48 2 2
48 1 3
48 1 4
49 3 0
49 3 1
49 1 2
49 3 3
49 4 4
