0,0
0,1
0,2
0,3
0,4
0,5
0,6
0,7
0,8
0,10
0,11
0,12
0,14
0,16
0,17
0,18
0,19
0,20
0,22
0,25
0,26
0,27
0,28
0,29
0,31
0,32
0,33
0,34
0,35
0,36
0,37
0,38
0,39
0,40
0,43
0,44
0,45
0,46
0,47
0,48
1,0
1,1
1,2
1,3
1,4
1,5
1,6
1,7
1,8
1,10
1,11
1,12
1,14
1,16
1,17
1,18
1,19
1,20
1,22
1,25
1,26
1,27
1,28
1,29
1,31
1,32
1,33
1,34
1,35
1,36
1,37
1,38
1,39
1,40
1,43
1,44
1,45
1,46
1,47
1,48
2,0
2,1
2,2
2,3
2,4
2,5
2,6
2,7
2,8
2,10
2,11
2,12
2,14
2,16
2,17
2,18
2,19
2,20
2,22
2,25
2,26
2,27
2,28
2,29
2,31
2,32
2,33
2,34
2,35
2,36
2,37
2,38
2,39
2,40
2,43
2,44
2,45
2,46
2,47
2,48
3,0
3,1
3,2
3,3
3,4
3,5
3,6
3,7
3,8
3,10
3,11
3,12
3,14
3,16
3,17
3,18
3,19
3,22
3,25
3,26
3,27
3,28
3,29
3,32
3,33
3,34
3,35
3,36
3,37
3,38
3,39
3,40
3,43
3,44
3,45
3,46
3,47
3,48
4,0
4,1
4,2
4,3
4,4
4,5
4,6
4,7
4,8
4,10
4,11
4,12
4,14
4,16
4,17
4,18
4,19
4,20
4,22
4,25
4,26
4,27
4,28
4,29
4,31
4,32
4,33
4,34
4,35
4,36
4,37
4,38
4,39
4,40
4,43
4,44
4,45
4,46
4,47
4,48
5,0
5,1
5,2
5,3
5,4
5,5
5,6
5,7
5,8
5,10
5,11
5,12
5,14
5,16
5,17
5,18
5,19
5,20
5,22
5,25
5,26
5,27
5,28
5,29
5,31
5,32
5,33
5,34
5,35
5,36
5,37
5,38
5,39
5,40
5,43
5,44
5,45
5,46
5,47
5,48
6,0
6,1
6,2
6,3
6,4
6,5
6,6
6,7
6,8
6,10
6,11
6,12
6,14
6,16
6,17
6,18
6,19
6,20
6,22
6,25
6,26
6,27
6,28
6,29
6,31
6,32
6,33
6,34
6,35
6,36
6,37
6,38
6,39
6,40
6,43
6,44
6,45
6,46
6,47
6,48
7,0
7,1
7,2
7,3
7,4
7,5
7,6
7,7
7,8
7,10
7,11
7,12
7,14
7,16
7,17
7,18
7,19
7,22
7,25
7,26
7,27
7,28
7,29
7,32
7,33
7,34
7,35
7,36
7,37
7,38
7,39
7,40
7,43
7,44
7,45
7,46
7,47
7,48
8,0
8,1
8,2
8,3
8,4
8,5
8,6
8,7
8,8
8,10
8,11
8,12
8,14
8,16
8,17
8,18
8,19
8,20
8,22
8,25
8,26
8,27
8,28
8,29
8,31
8,32
8,33
8,34
8,35
8,36
8,37
8,38
8,39
8,40
8,43
8,44
8,45
8,46
8,47
8,48
9,9
10,0
10,1
10,2
10,3
10,4
10,5
10,6
10,7
10,8
10,10
10,11
10,12
10,14
10,16
10,17
10,18
10,19
10,20
10,22
10,25
10,26
10,27
10,28
10,29
10,31
10,32
10,33
10,34
10,35
10,36
10,37
10,38
10,39
10,40
10,41
10,43
10,44
10,45
10,46
10,47
10,48
11,0
11,1
11,2
11,3
11,4
11,5
11,6
11,7
11,8
11,10
11,11
11,12
11,14
11,16
11,17
11,18
11,19
11,20
11,22
11,25
11,26
11,27
11,28
11,29
11,31
11,32
11,33
11,34
11,35
11,36
11,37
11,38
11,39
11,40
11,43
11,44
11,45
11,46
11,47
11,48
12,0
12,1
12,2
12,3
12,4
12,5
12,6
12,7
12,8
12,10
12,11
12,12
12,14
12,16
12,17
12,18
12,19
12,20
12,22
12,25
12,26
12,27
12,28
12,29
12,31
12,32
12,33
12,34
12,35
12,36
12,37
12,38
12,39
12,40
12,43
12,44
12,45
12,46
12,47
12,48
13,13
14,0
14,1
14,2
14,3
14,4
14,5
14,6
14,7
14,8
14,10
14,11
14,12
14,14
14,16
14,17
14,18
14,19
14,20
14,22
14,25
14,26
14,27
14,28
14,29
14,31
14,32
14,33
14,34
14,35
14,36
14,37
14,38
14,39
14,40
14,43
14,44
14,45
14,46
14,47
14,48
16,0
16,1
16,2
16,3
16,4
16,5
16,6
16,7
16,8
16,10
16,11
16,12
16,14
16,16
16,17
16,18
16,19
16,20
16,22
16,25
16,26
16,27
16,28
16,29
16,31
16,32
16,33
16,34
16,35
16,36
16,37
16,38
16,39
16,40
16,43
16,44
16,45
16,46
16,47
16,48
17,0
17,1
17,2
17,3
17,4
17,5
17,6
17,7
17,8
17,10
17,11
17,12
17,14
17,16
17,17
17,18
17,19
17,20
17,22
17,25
17,26
17,27
17,28
17,29
17,31
17,32
17,33
17,34
17,35
17,36
17,37
17,38
17,39
17,40
17,43
17,44
17,45
17,46
17,47
17,48
18,0
18,1
18,2
18,3
18,4
18,5
18,6
18,7
18,8
18,10
18,11
18,12
18,14
18,16
18,17
18,18
18,19
18,20
18,22
18,25
18,26
18,27
18,28
18,29
18,31
18,32
18,33
18,34
18,35
18,36
18,37
18,38
18,39
18,40
18,43
18,44
18,45
18,46
18,47
18,48
19,0
19,1
19,2
19,3
19,4
19,5
19,6
19,7
19,8
19,10
19,11
19,12
19,14
19,16
19,17
19,18
19,19
19,20
19,22
19,25
19,26
19,27
19,28
19,29
19,31
19,32
19,33
19,34
19,35
19,36
19,37
19,38
19,39
19,40
19,43
19,44
19,45
19,46
19,47
19,48
20,0
20,1
20,2
20,4
20,5
20,6
20,8
20,10
20,11
20,12
20,14
20,16
20,17
20,18
20,19
20,20
20,22
20,25
20,26
20,27
20,28
20,29
20,31
20,32
20,33
20,34
20,35
20,36
20,37
20,38
20,39
20,40
20,43
20,44
20,45
20,46
20,47
20,48
21,21
22,0
22,1
22,2
22,3
22,4
22,5
22,6
22,7
22,8
22,10
22,11
22,12
22,14
22,16
22,17
22,18
22,19
22,20
22,22
22,25
22,26
22,27
22,28
22,29
22,31
22,32
22,33
22,34
22,35
22,36
22,37
22,38
22,39
22,40
22,43
22,44
22,45
22,46
22,47
22,48
23,23
24,24
25,0
25,1
25,2
25,3
25,4
25,5
25,6
25,7
25,8
25,10
25,11
25,12
25,14
25,16
25,17
25,18
25,19
25,20
25,22
25,25
25,26
25,27
25,28
25,29
25,31
25,32
25,33
25,34
25,35
25,36
25,37
25,38
25,39
25,40
25,43
25,44
25,45
25,46
25,47
25,48
26,0
26,1
26,2
26,3
26,4
26,5
26,6
26,7
26,8
26,10
26,11
26,12
26,14
26,16
26,17
26,18
26,19
26,20
26,22
26,25
26,26
26,27
26,28
26,29
26,31
26,32
26,33
26,34
26,35
26,36
26,37
26,38
26,39
26,40
26,43
26,44
26,45
26,46
26,47
26,48
27,0
27,1
27,2
27,3
27,4
27,5
27,6
27,7
27,8
27,10
27,11
27,12
27,14
27,16
27,17
27,18
27,19
27,20
27,22
27,25
27,26
27,27
27,28
27,29
27,31
27,32
27,33
27,34
27,35
27,36
27,37
27,38
27,39
27,40
27,43
27,44
27,45
27,46
27,47
27,48
28,0
28,1
28,2
28,3
28,4
28,5
28,6
28,7
28,8
28,10
28,11
28,12
28,14
28,16
28,17
28,18
28,19
28,20
28,22
28,25
28,26
28,27
28,28
28,29
28,31
28,32
28,33
28,34
28,35
28,36
28,37
28,38
28,39
28,40
28,43
28,44
28,45
28,46
28,47
28,48
29,0
29,1
29,2
29,3
29,4
29,5
29,6
29,7
29,8
29,10
29,11
29,12
29,14
29,16
29,17
29,18
29,19
29,20
29,22
29,25
29,26
29,27
29,28
29,29
29,31
29,32
29,33
29,34
29,35
29,36
29,37
29,38
29,39
29,40
29,43
29,44
29,45
29,46
29,47
29,48
30,30
31,0
31,1
31,2
31,4
31,5
31,6
31,8
31,10
31,11
31,12
31,14
31,16
31,17
31,18
31,19
31,20
31,22
31,25
31,26
31,27
31,28
31,29
31,31
31,32
31,33
31,34
31,35
31,36
31,37
31,38
31,39
31,40
31,43
31,44
31,45
31,46
31,47
31,48
32,0
32,1
32,2
32,3
32,4
32,5
32,6
32,7
32,8
32,10
32,11
32,12
32,14
32,16
32,17
32,18
32,19
32,20
32,22
32,25
32,26
32,27
32,28
32,29
32,31
32,32
32,33
32,34
32,35
32,36
32,37
32,38
32,39
32,40
32,43
32,44
32,45
32,46
32,47
32,48
33,0
33,1
33,2
33,3
33,4
33,5
33,6
33,7
33,8
33,10
33,11
33,12
33,14
33,16
33,17
33,18
33,19
33,20
33,22
33,25
33,26
33,27
33,28
33,29
33,31
33,32
33,33
33,34
33,35
33,36
33,37
33,38
33,39
33,40
33,43
33,44
33,45
33,46
33,47
33,48
34,0
34,1
34,2
34,3
34,4
34,5
34,6
34,7
34,8
34,10
34,11
34,12
34,14
34,16
34,17
34,18
34,19
34,20
34,22
34,25
34,26
34,27
34,28
34,29
34,31
34,32
34,33
34,34
34,35
34,36
34,37
34,38
34,39
34,40
34,43
34,44
34,45
34,46
34,47
34,48
35,0
35,1
35,2
35,3
35,4
35,5
35,6
35,7
35,8
35,10
35,11
35,12
35,14
35,16
35,17
35,18
35,19
35,20
35,22
35,25
35,26
35,27
35,28
35,29
35,31
35,32
35,33
35,34
35,35
35,36
35,37
35,38
35,39
35,40
35,41
35,43
35,44
35,45
35,46
35,47
35,48
36,0
36,1
36,2
36,3
36,4
36,5
36,6
36,7
36,8
36,10
36,11
36,12
36,14
36,16
36,17
36,18
36,19
36,20
36,22
36,25
36,26
36,27
36,28
36,29
36,31
36,32
36,33
36,34
36,35
36,36
36,37
36,38
36,39
36,40
36,43
36,44
36,45
36,46
36,47
36,48
37,0
37,1
37,2
37,3
37,4
37,5
37,6
37,7
37,8
37,10
37,11
37,12
37,14
37,16
37,17
37,18
37,19
37,20
37,22
37,25
37,26
37,27
37,28
37,29
37,31
37,32
37,33
37,34
37,35
37,36
37,37
37,38
37,39
37,40
37,43
37,44
37,45
37,46
37,47
37,48
38,0
38,1
38,2
38,3
38,4
38,5
38,6
38,7
38,8
38,10
38,11
38,12
38,14
38,16
38,17
38,18
38,19
38,20
38,22
38,25
38,26
38,27
38,28
38,29
38,31
38,32
38,33
38,34
38,35
38,36
38,37
38,38
38,39
38,40
38,41
38,43
38,44
38,45
38,46
38,47
38,48
39,0
39,1
39,2
39,3
39,4
39,5
39,6
39,7
39,8
39,10
39,11
39,12
39,14
39,16
39,17
39,18
39,19
39,20
39,22
39,25
39,26
39,27
39,28
39,29
39,31
39,32
39,33
39,34
39,35
39,36
39,37
39,38
39,39
39,40
39,43
39,44
39,45
39,46
39,47
39,48
40,0
40,1
40,2
40,3
40,4
40,5
40,6
40,7
40,8
40,10
40,11
40,12
40,14
40,16
40,17
40,18
40,19
40,20
40,22
40,25
40,26
40,27
40,28
40,29
40,31
40,32
40,33
40,34
40,35
40,36
40,37
40,38
40,39
40,40
40,43
40,44
40,45
40,46
40,47
40,48
41,10
41,35
41,38
41,41
41,48
42,42
43,0
43,1
43,2
43,3
43,4
43,5
43,6
43,7
43,8
43,10
43,11
43,12
43,14
43,16
43,17
43,18
43,19
43,20
43,22
43,25
43,26
43,27
43,28
43,29
43,31
43,32
43,33
43,34
43,35
43,36
43,37
43,38
43,39
43,40
43,43
43,44
43,45
43,46
43,47
43,48
44,0
44,1
44,2
44,3
44,4
44,5
44,6
44,7
44,8
44,10
44,11
44,12
44,14
44,16
44,17
44,18
44,19
44,20
44,22
44,25
44,26
44,27
44,28
44,29
44,31
44,32
44,33
44,34
44,35
44,36
44,37
44,38
44,39
44,40
44,43
44,44
44,45
44,46
44,47
44,48
45,0
45,1
45,2
45,3
45,4
45,5
45,6
45,7
45,8
45,10
45,11
45,12
45,14
45,16
45,17
45,18
45,19
45,20
45,22
45,25
45,26
45,27
45,28
45,29
45,31
45,32
45,33
45,34
45,35
45,36
45,37
45,38
45,39
45,40
45,43
45,44
45,45
45,46
45,47
45,48
46,0
46,1
46,2
46,3
46,4
46,5
46,6
46,7
46,8
46,10
46,11
46,12
46,14
46,16
46,17
46,18
46,19
46,20
46,22
46,25
46,26
46,27
46,28
46,29
46,31
46,32
46,33
46,34
46,35
46,36
46,37
46,38
46,39
46,40
46,43
46,44
46,45
46,46
46,47
46,48
47,0
47,1
47,2
47,3
47,4
47,5
47,6
47,7
47,8
47,10
47,11
47,12
47,14
47,16
47,17
47,18
47,19
47,20
47,22
47,25
47,26
47,27
47,28
47,29
47,31
47,32
47,33
47,34
47,35
47,36
47,37
47,38
47,39
47,40
47,43
47,44
47,45
47,46
47,47
47,48
48,0
48,1
48,2
48,3
48,4
48,5
48,6
48,7
48,8
48,10
48,11
48,12
48,14
48,16
48,17
48,18
48,19
48,20
48,22
48,25
48,26
48,27
48,28
48,29
48,31
48,32
48,33
48,34
48,35
48,36
48,37
48,38
48,39
48,40
48,41
48,43
48,44
48,45
48,46
48,47
48,48
49,49
