10 43
72 59
97 43
29 20
43 80
7 90
37 93
42 16
24 12
75 5
63 18
14 33
9 56
69 34
97 7
55 44
59 9
11 72
45 99
5 68
65 69
69 18
48 43
78 43
12 54
36 68
34 48
31 49
63 79
80 75
17 14
11 9
50 43
47 27
86 79
64 19
34 50
59 96
36 25
80 30
47 66
91 17
17 70
34 94
1 67
14 13
37 77
23 96
80 35
53 83
0 79
3 22
60 11
21 51
33 43
55 15
40 93
12 78
1 35
88 81
69 1
79 47
77 23
68 96
53 52
44 21
68 92
42 79
73 29
96 29
14 58
27 51
78 46
53 82
52 60
65 64
95 86
67 46
29 13
45 51
39 52
14 93
95 71
21 92
66 34
77 45
45 15
13 40
49 95
44 64
32 72
68 90
1 70
91 9
44 55
60 91
4 93
14 17
0 64
63 83
