24 41
24 28
10 40
70 29
95 51
40 73
27 77
69 75
31 70
8 29
22 9
85 53
35 75
20 43
29 30
55 2
36 43
84 91
56 3
69 63
99 19
8 96
24 33
87 31
0 21
91 27
50 36
20 29
64 77
46 81
67 99
62 57
58 2
1 43
48 45
13 34
4 82
42 77
68 97
83 21
83 54
49 25
57 13
50 55
9 69
43 12
0 94
80 34
65 15
29 24
8 26
45 78
34 80
28 45
74 4
79 30
83 49
35 27
85 33
30 5
89 15
67 16
67 65
0 9
65 29
34 57
32 2
29 74
16 53
91 37
47 26
56 65
16 79
33 93
22 25
62 66
85 77
75 45
7 86
61 56
85 17
40 86
71 12
14 80
4 55
29 39
71 91
1 73
2 66
43 11
55 59
18 74
1 93
36 85
90 1
48 80
80 76
17 38
90 39
74 93
