38 92
23 97
23 84
58 38
94 75
20 56
64 61
43 34
91 28
41 6
81 0
9 73
8 94
18 52
14 6
55 7
60 77
10 57
20 54
33 5
86 69
0 21
47 23
96 66
41 88
99 86
19 77
9 9
65 75
12 40
17 84
13 58
66 61
8 59
57 64
62 49
27 61
25 58
0 22
39 65
66 42
7 80
97 56
13 16
17 71
19 58
63 11
37 19
50 42
58 65
63 73
40 87
61 49
88 39
15 65
3 98
26 5
58 29
69 84
19 82
9 82
55 85
57 54
32 69
30 53
24 40
96 59
16 16
59 30
86 92
33 94
38 32
54 12
13 4
45 90
59 68
28 15
36 44
85 59
24 14
84 82
19 26
47 6
7 21
42 23
34 33
50 20
42 53
2 84
95 58
25 46
15 58
48 63
34 61
89 94
89 69
3 12
73 59
27 67
85 3
