0,1
0,2
0,3
0,5
0,9
0,11
0,12
0,16
0,19
0,21
0,24
0,25
0,26
0,27
0,29
0,30
0,34
0,36
0,37
0,38
0,39
0,43
0,45
0,49
0,51
0,53
0,54
0,55
0,57
0,59
0,63
0,65
0,69
0,73
0,74
0,75
0,76
0,77
0,78
0,79
0,80
0,81
0,86
0,91
0,93
0,94
0,97
0,99
1,1
1,2
1,3
1,5
1,9
1,11
1,12
1,16
1,19
1,21
1,24
1,25
1,26
1,27
1,29
1,30
1,34
1,36
1,37
1,38
1,39
1,43
1,45
1,49
1,51
1,53
1,54
1,55
1,57
1,59
1,63
1,65
1,69
1,73
1,74
1,75
1,76
1,77
1,78
1,79
1,80
1,81
1,86
1,91
1,93
1,97
1,99
2,1
2,2
2,3
2,5
2,9
2,11
2,12
2,16
2,19
2,21
2,24
2,25
2,26
2,27
2,29
2,30
2,34
2,36
2,37
2,38
2,39
2,43
2,45
2,49
2,51
2,53
2,54
2,55
2,57
2,59
2,63
2,65
2,66
2,69
2,73
2,74
2,75
2,76
2,77
2,78
2,79
2,80
2,81
2,86
2,91
2,93
2,97
2,99
3,1
3,2
3,3
3,5
3,9
3,11
3,12
3,16
3,19
3,21
3,24
3,25
3,26
3,27
3,29
3,30
3,34
3,36
3,37
3,38
3,39
3,43
3,45
3,49
3,51
3,53
3,54
3,55
3,57
3,59
3,63
3,65
3,69
3,73
3,74
3,75
3,76
3,77
3,78
3,79
3,80
3,81
3,86
3,91
3,93
3,97
3,99
4,1
4,2
4,3
4,5
4,9
4,11
4,12
4,16
4,19
4,21
4,24
4,25
4,26
4,27
4,29
4,30
4,34
4,36
4,37
4,38
4,39
4,43
4,45
4,49
4,51
4,53
4,54
4,55
4,57
4,59
4,63
4,65
4,69
4,73
4,74
4,75
4,76
4,77
4,78
4,79
4,80
4,81
4,82
4,86
4,91
4,93
4,97
4,99
5,1
5,2
5,3
5,5
5,9
5,11
5,12
5,16
5,19
5,21
5,24
5,25
5,26
5,27
5,29
5,30
5,34
5,36
5,37
5,38
5,39
5,43
5,45
5,49
5,51
5,53
5,54
5,55
5,57
5,59
5,63
5,65
5,69
5,73
5,74
5,75
5,76
5,77
5,78
5,79
5,80
5,81
5,86
5,91
5,93
5,97
5,99
7,1
7,2
7,3
7,5
7,9
7,11
7,12
7,16
7,19
7,21
7,24
7,25
7,26
7,27
7,29
7,30
7,34
7,36
7,37
7,38
7,39
7,43
7,45
7,49
7,51
7,53
7,54
7,55
7,57
7,59
7,63
7,65
7,69
7,73
7,74
7,75
7,76
7,77
7,78
7,79
7,80
7,81
7,86
7,91
7,93
7,97
7,99
8,1
8,2
8,3
8,5
8,9
8,11
8,12
8,16
8,19
8,21
8,24
8,25
8,26
8,27
8,29
8,30
8,34
8,36
8,37
8,38
8,39
8,43
8,45
8,49
8,51
8,53
8,54
8,55
8,57
8,59
8,63
8,65
8,69
8,73
8,74
8,75
8,76
8,77
8,78
8,79
8,80
8,81
8,86
8,91
8,93
8,96
8,97
8,99
9,1
9,2
9,3
9,5
9,9
9,11
9,12
9,16
9,19
9,21
9,24
9,25
9,26
9,27
9,29
9,30
9,34
9,36
9,37
9,38
9,39
9,43
9,45
9,49
9,51
9,53
9,54
9,55
9,57
9,59
9,63
9,65
9,69
9,73
9,74
9,75
9,76
9,77
9,78
9,79
9,80
9,81
9,86
9,91
9,93
9,97
9,99
10,1
10,2
10,3
10,5
10,9
10,11
10,12
10,16
10,19
10,21
10,24
10,25
10,26
10,27
10,29
10,30
10,34
10,36
10,37
10,38
10,39
10,40
10,43
10,45
10,49
10,51
10,53
10,54
10,55
10,57
10,59
10,63
10,65
10,69
10,73
10,74
10,75
10,76
10,77
10,78
10,79
10,80
10,81
10,86
10,91
10,93
10,97
10,99
11,1
11,2
11,3
11,5
11,9
11,11
11,12
11,16
11,19
11,21
11,24
11,25
11,26
11,27
11,29
11,30
11,34
11,36
11,37
11,38
11,39
11,43
11,45
11,49
11,51
11,53
11,54
11,55
11,57
11,59
11,63
11,65
11,69
11,73
11,74
11,75
11,76
11,77
11,78
11,79
11,80
11,81
11,86
11,91
11,93
11,97
11,99
12,1
12,2
12,3
12,5
12,9
12,11
12,12
12,16
12,19
12,21
12,24
12,25
12,26
12,27
12,29
12,30
12,34
12,36
12,37
12,38
12,39
12,43
12,45
12,49
12,51
12,53
12,54
12,55
12,57
12,59
12,63
12,65
12,69
12,73
12,74
12,75
12,76
12,77
12,78
12,79
12,80
12,81
12,86
12,91
12,93
12,97
12,99
13,1
13,2
13,3
13,5
13,9
13,11
13,12
13,16
13,19
13,21
13,24
13,25
13,26
13,27
13,29
13,30
13,34
13,36
13,37
13,38
13,39
13,43
13,45
13,49
13,51
13,53
13,54
13,55
13,57
13,59
13,63
13,65
13,69
13,73
13,74
13,75
13,76
13,77
13,78
13,79
13,80
13,81
13,86
13,91
13,93
13,97
13,99
14,1
14,2
14,3
14,5
14,9
14,11
14,12
14,16
14,19
14,21
14,24
14,25
14,26
14,27
14,29
14,30
14,34
14,36
14,37
14,38
14,39
14,43
14,45
14,49
14,51
14,53
14,54
14,55
14,57
14,59
14,63
14,65
14,69
14,73
14,74
14,75
14,76
14,77
14,78
14,79
14,80
14,81
14,86
14,91
14,93
14,97
14,99
15,1
15,2
15,3
15,5
15,9
15,11
15,12
15,16
15,19
15,21
15,24
15,25
15,26
15,27
15,29
15,30
15,34
15,36
15,37
15,38
15,39
15,43
15,45
15,49
15,51
15,53
15,54
15,55
15,57
15,59
15,63
15,65
15,69
15,73
15,74
15,75
15,76
15,77
15,78
15,79
15,80
15,81
15,86
15,91
15,93
15,97
15,99
16,1
16,2
16,3
16,5
16,9
16,11
16,12
16,16
16,19
16,21
16,24
16,25
16,26
16,27
16,29
16,30
16,34
16,36
16,37
16,38
16,39
16,43
16,45
16,49
16,51
16,53
16,54
16,55
16,57
16,59
16,63
16,65
16,69
16,73
16,74
16,75
16,76
16,77
16,78
16,79
16,80
16,81
16,86
16,91
16,93
16,97
16,99
17,1
17,2
17,3
17,5
17,9
17,11
17,12
17,16
17,19
17,21
17,24
17,25
17,26
17,27
17,29
17,30
17,34
17,36
17,37
17,38
17,39
17,43
17,45
17,49
17,51
17,53
17,54
17,55
17,57
17,59
17,63
17,65
17,69
17,73
17,74
17,75
17,76
17,77
17,78
17,79
17,80
17,81
17,86
17,91
17,93
17,97
17,99
18,1
18,2
18,3
18,5
18,9
18,11
18,12
18,16
18,19
18,21
18,24
18,25
18,26
18,27
18,29
18,30
18,34
18,36
18,37
18,38
18,39
18,43
18,45
18,49
18,51
18,53
18,54
18,55
18,57
18,59
18,63
18,65
18,69
18,73
18,74
18,75
18,76
18,77
18,78
18,79
18,80
18,81
18,86
18,91
18,93
18,97
18,99
19,1
19,2
19,3
19,5
19,9
19,11
19,12
19,16
19,19
19,21
19,24
19,25
19,26
19,27
19,29
19,30
19,34
19,36
19,37
19,38
19,39
19,43
19,45
19,49
19,51
19,53
19,54
19,55
19,57
19,59
19,63
19,65
19,69
19,73
19,74
19,75
19,76
19,77
19,78
19,79
19,80
19,81
19,86
19,91
19,93
19,97
19,99
20,1
20,2
20,3
20,5
20,9
20,11
20,12
20,16
20,19
20,21
20,24
20,25
20,26
20,27
20,29
20,30
20,34
20,36
20,37
20,38
20,39
20,43
20,45
20,49
20,51
20,53
20,54
20,55
20,57
20,59
20,63
20,65
20,69
20,73
20,74
20,75
20,76
20,77
20,78
20,79
20,80
20,81
20,86
20,91
20,93
20,97
20,99
22,1
22,2
22,3
22,5
22,9
22,11
22,12
22,16
22,19
22,21
22,24
22,25
22,26
22,27
22,29
22,30
22,34
22,36
22,37
22,38
22,39
22,43
22,45
22,49
22,51
22,53
22,54
22,55
22,57
22,59
22,63
22,65
22,69
22,73
22,74
22,75
22,76
22,77
22,78
22,79
22,80
22,81
22,86
22,91
22,93
22,97
22,99
23,1
23,2
23,3
23,5
23,9
23,11
23,12
23,16
23,19
23,21
23,24
23,25
23,26
23,27
23,29
23,30
23,34
23,36
23,37
23,38
23,39
23,43
23,45
23,49
23,51
23,53
23,54
23,55
23,57
23,59
23,63
23,65
23,69
23,73
23,74
23,75
23,76
23,77
23,78
23,79
23,80
23,81
23,86
23,91
23,93
23,97
23,99
24,1
24,2
24,3
24,5
24,9
24,11
24,12
24,16
24,19
24,21
24,24
24,25
24,26
24,27
24,28
24,29
24,30
24,33
24,34
24,36
24,37
24,38
24,39
24,41
24,43
24,45
24,49
24,51
24,53
24,54
24,55
24,57
24,59
24,63
24,65
24,69
24,73
24,74
24,75
24,76
24,77
24,78
24,79
24,80
24,81
24,86
24,91
24,93
24,97
24,99
25,1
25,2
25,3
25,5
25,9
25,11
25,12
25,16
25,19
25,21
25,24
25,25
25,26
25,27
25,29
25,30
25,34
25,36
25,37
25,38
25,39
25,43
25,45
25,49
25,51
25,53
25,54
25,55
25,57
25,59
25,63
25,65
25,69
25,73
25,74
25,75
25,76
25,77
25,78
25,79
25,80
25,81
25,86
25,91
25,93
25,97
25,99
26,1
26,2
26,3
26,5
26,9
26,11
26,12
26,16
26,19
26,21
26,24
26,25
26,26
26,27
26,29
26,30
26,34
26,36
26,37
26,38
26,39
26,43
26,45
26,49
26,51
26,53
26,54
26,55
26,57
26,59
26,63
26,65
26,69
26,73
26,74
26,75
26,76
26,77
26,78
26,79
26,80
26,81
26,86
26,91
26,93
26,97
26,99
27,1
27,2
27,3
27,5
27,9
27,11
27,12
27,16
27,19
27,21
27,24
27,25
27,26
27,27
27,29
27,30
27,34
27,36
27,37
27,38
27,39
27,43
27,45
27,49
27,51
27,53
27,54
27,55
27,57
27,59
27,63
27,65
27,69
27,73
27,74
27,75
27,76
27,77
27,78
27,79
27,80
27,81
27,86
27,91
27,93
27,97
27,99
28,1
28,2
28,3
28,5
28,9
28,11
28,12
28,16
28,19
28,21
28,24
28,25
28,26
28,27
28,29
28,30
28,34
28,36
28,37
28,38
28,39
28,43
28,45
28,49
28,51
28,53
28,54
28,55
28,57
28,59
28,63
28,65
28,69
28,73
28,74
28,75
28,76
28,77
28,78
28,79
28,80
28,81
28,86
28,91
28,93
28,97
28,99
29,1
29,2
29,3
29,5
29,9
29,11
29,12
29,16
29,19
29,21
29,24
29,25
29,26
29,27
29,29
29,30
29,34
29,36
29,37
29,38
29,39
29,43
29,45
29,49
29,51
29,53
29,54
29,55
29,57
29,59
29,63
29,65
29,69
29,73
29,74
29,75
29,76
29,77
29,78
29,79
29,80
29,81
29,86
29,91
29,93
29,97
29,99
30,1
30,2
30,3
30,5
30,9
30,11
30,12
30,16
30,19
30,21
30,24
30,25
30,26
30,27
30,29
30,30
30,34
30,36
30,37
30,38
30,39
30,43
30,45
30,49
30,51
30,53
30,54
30,55
30,57
30,59
30,63
30,65
30,69
30,73
30,74
30,75
30,76
30,77
30,78
30,79
30,80
30,81
30,86
30,91
30,93
30,97
30,99
31,1
31,2
31,3
31,5
31,9
31,11
31,12
31,16
31,19
31,21
31,24
31,25
31,26
31,27
31,29
31,30
31,34
31,36
31,37
31,38
31,39
31,43
31,45
31,49
31,51
31,53
31,54
31,55
31,57
31,59
31,63
31,65
31,69
31,70
31,73
31,74
31,75
31,76
31,77
31,78
31,79
31,80
31,81
31,86
31,91
31,93
31,97
31,99
32,1
32,2
32,3
32,5
32,9
32,11
32,12
32,16
32,19
32,21
32,24
32,25
32,26
32,27
32,29
32,30
32,34
32,36
32,37
32,38
32,39
32,43
32,45
32,49
32,51
32,53
32,54
32,55
32,57
32,59
32,63
32,65
32,69
32,73
32,74
32,75
32,76
32,77
32,78
32,79
32,80
32,81
32,86
32,91
32,93
32,97
32,99
33,1
33,2
33,3
33,5
33,9
33,11
33,12
33,16
33,19
33,21
33,24
33,25
33,26
33,27
33,29
33,30
33,34
33,36
33,37
33,38
33,39
33,43
33,45
33,49
33,51
33,53
33,54
33,55
33,57
33,59
33,63
33,65
33,69
33,73
33,74
33,75
33,76
33,77
33,78
33,79
33,80
33,81
33,86
33,91
33,93
33,97
33,99
34,1
34,2
34,3
34,5
34,9
34,11
34,12
34,16
34,19
34,21
34,24
34,25
34,26
34,27
34,29
34,30
34,34
34,36
34,37
34,38
34,39
34,43
34,45
34,49
34,51
34,53
34,54
34,55
34,57
34,59
34,63
34,65
34,69
34,73
34,74
34,75
34,76
34,77
34,78
34,79
34,80
34,81
34,86
34,91
34,93
34,97
34,99
35,1
35,2
35,3
35,5
35,9
35,11
35,12
35,16
35,19
35,21
35,24
35,25
35,26
35,27
35,29
35,30
35,34
35,36
35,37
35,38
35,39
35,43
35,45
35,49
35,51
35,53
35,54
35,55
35,57
35,59
35,63
35,65
35,69
35,73
35,74
35,75
35,76
35,77
35,78
35,79
35,80
35,81
35,86
35,91
35,93
35,97
35,99
36,1
36,2
36,3
36,5
36,9
36,11
36,12
36,16
36,19
36,21
36,24
36,25
36,26
36,27
36,29
36,30
36,34
36,36
36,37
36,38
36,39
36,43
36,45
36,49
36,51
36,53
36,54
36,55
36,57
36,59
36,63
36,65
36,69
36,73
36,74
36,75
36,76
36,77
36,78
36,79
36,80
36,81
36,85
36,86
36,91
36,93
36,97
36,99
37,1
37,2
37,3
37,5
37,9
37,11
37,12
37,16
37,19
37,21
37,24
37,25
37,26
37,27
37,29
37,30
37,34
37,36
37,37
37,38
37,39
37,43
37,45
37,49
37,51
37,53
37,54
37,55
37,57
37,59
37,63
37,65
37,69
37,73
37,74
37,75
37,76
37,77
37,78
37,79
37,80
37,81
37,86
37,91
37,93
37,97
37,99
38,1
38,2
38,3
38,5
38,9
38,11
38,12
38,16
38,19
38,21
38,24
38,25
38,26
38,27
38,29
38,30
38,34
38,36
38,37
38,38
38,39
38,43
38,45
38,49
38,51
38,53
38,54
38,55
38,57
38,59
38,63
38,65
38,69
38,73
38,74
38,75
38,76
38,77
38,78
38,79
38,80
38,81
38,86
38,91
38,93
38,97
38,99
39,1
39,2
39,3
39,5
39,9
39,11
39,12
39,16
39,19
39,21
39,24
39,25
39,26
39,27
39,29
39,30
39,34
39,36
39,37
39,38
39,39
39,43
39,45
39,49
39,51
39,53
39,54
39,55
39,57
39,59
39,63
39,65
39,69
39,73
39,74
39,75
39,76
39,77
39,78
39,79
39,80
39,81
39,86
39,91
39,93
39,97
39,99
40,1
40,2
40,3
40,5
40,9
40,11
40,12
40,16
40,19
40,21
40,24
40,25
40,26
40,27
40,29
40,30
40,34
40,36
40,37
40,38
40,39
40,43
40,45
40,49
40,51
40,53
40,54
40,55
40,57
40,59
40,63
40,65
40,69
40,73
40,74
40,75
40,76
40,77
40,78
40,79
40,80
40,81
40,86
40,91
40,93
40,97
40,99
41,1
41,2
41,3
41,5
41,9
41,11
41,12
41,16
41,19
41,21
41,24
41,25
41,26
41,27
41,29
41,30
41,34
41,36
41,37
41,38
41,39
41,43
41,45
41,49
41,51
41,53
41,54
41,55
41,57
41,59
41,63
41,65
41,69
41,73
41,74
41,75
41,76
41,77
41,78
41,79
41,80
41,81
41,86
41,91
41,93
41,97
41,99
42,1
42,2
42,3
42,5
42,9
42,11
42,12
42,16
42,19
42,21
42,24
42,25
42,26
42,27
42,29
42,30
42,34
42,36
42,37
42,38
42,39
42,43
42,45
42,49
42,51
42,53
42,54
42,55
42,57
42,59
42,63
42,65
42,69
42,73
42,74
42,75
42,76
42,77
42,78
42,79
42,80
42,81
42,86
42,91
42,93
42,97
42,99
43,1
43,2
43,3
43,5
43,9
43,11
43,12
43,16
43,19
43,21
43,24
43,25
43,26
43,27
43,29
43,30
43,34
43,36
43,37
43,38
43,39
43,43
43,45
43,49
43,51
43,53
43,54
43,55
43,57
43,59
43,63
43,65
43,69
43,73
43,74
43,75
43,76
43,77
43,78
43,79
43,80
43,81
43,86
43,91
43,93
43,97
43,99
44,1
44,2
44,3
44,5
44,9
44,11
44,12
44,16
44,19
44,21
44,24
44,25
44,26
44,27
44,29
44,30
44,34
44,36
44,37
44,38
44,39
44,43
44,45
44,49
44,51
44,53
44,54
44,55
44,57
44,59
44,63
44,65
44,69
44,73
44,74
44,75
44,76
44,77
44,78
44,79
44,80
44,81
44,86
44,91
44,93
44,97
44,99
45,1
45,2
45,3
45,5
45,9
45,11
45,12
45,16
45,19
45,21
45,24
45,25
45,26
45,27
45,29
45,30
45,34
45,36
45,37
45,38
45,39
45,43
45,45
45,49
45,51
45,53
45,54
45,55
45,57
45,59
45,63
45,65
45,69
45,73
45,74
45,75
45,76
45,77
45,78
45,79
45,80
45,81
45,86
45,91
45,93
45,97
45,99
46,1
46,2
46,3
46,5
46,9
46,11
46,12
46,16
46,19
46,21
46,24
46,25
46,26
46,27
46,29
46,30
46,34
46,36
46,37
46,38
46,39
46,43
46,45
46,49
46,51
46,53
46,54
46,55
46,57
46,59
46,63
46,65
46,69
46,73
46,74
46,75
46,76
46,77
46,78
46,79
46,80
46,81
46,86
46,91
46,93
46,97
46,99
47,1
47,2
47,3
47,5
47,9
47,11
47,12
47,16
47,19
47,21
47,24
47,25
47,26
47,27
47,29
47,30
47,34
47,36
47,37
47,38
47,39
47,43
47,45
47,49
47,51
47,53
47,54
47,55
47,57
47,59
47,63
47,65
47,69
47,73
47,74
47,75
47,76
47,77
47,78
47,79
47,80
47,81
47,86
47,91
47,93
47,97
47,99
48,1
48,2
48,3
48,5
48,9
48,11
48,12
48,16
48,19
48,21
48,24
48,25
48,26
48,27
48,29
48,30
48,34
48,36
48,37
48,38
48,39
48,43
48,45
48,49
48,51
48,53
48,54
48,55
48,57
48,59
48,63
48,65
48,69
48,73
48,74
48,75
48,76
48,77
48,78
48,79
48,80
48,81
48,86
48,91
48,93
48,97
48,99
49,1
49,2
49,3
49,5
49,9
49,11
49,12
49,16
49,19
49,21
49,24
49,25
49,26
49,27
49,29
49,30
49,34
49,36
49,37
49,38
49,39
49,43
49,45
49,49
49,51
49,53
49,54
49,55
49,57
49,59
49,63
49,65
49,69
49,73
49,74
49,75
49,76
49,77
49,78
49,79
49,80
49,81
49,86
49,91
49,93
49,97
49,99
50,1
50,2
50,3
50,5
50,9
50,11
50,12
50,16
50,19
50,21
50,24
50,25
50,26
50,27
50,29
50,30
50,34
50,36
50,37
50,38
50,39
50,43
50,45
50,49
50,51
50,53
50,54
50,55
50,57
50,59
50,63
50,65
50,69
50,73
50,74
50,75
50,76
50,77
50,78
50,79
50,80
50,81
50,86
50,91
50,93
50,97
50,99
52,1
52,2
52,3
52,5
52,9
52,11
52,12
52,16
52,19
52,21
52,24
52,25
52,26
52,27
52,29
52,30
52,34
52,36
52,37
52,38
52,39
52,43
52,45
52,49
52,51
52,53
52,54
52,55
52,57
52,59
52,63
52,65
52,69
52,73
52,74
52,75
52,76
52,77
52,78
52,79
52,80
52,81
52,86
52,91
52,93
52,97
52,99
53,1
53,2
53,3
53,5
53,9
53,11
53,12
53,16
53,19
53,21
53,24
53,25
53,26
53,27
53,29
53,30
53,34
53,36
53,37
53,38
53,39
53,43
53,45
53,49
53,51
53,53
53,54
53,55
53,57
53,59
53,63
53,65
53,69
53,73
53,74
53,75
53,76
53,77
53,78
53,79
53,80
53,81
53,86
53,91
53,93
53,97
53,99
54,1
54,2
54,3
54,5
54,9
54,11
54,12
54,16
54,19
54,21
54,24
54,25
54,26
54,27
54,29
54,30
54,34
54,36
54,37
54,38
54,39
54,43
54,45
54,49
54,51
54,53
54,54
54,55
54,57
54,59
54,63
54,65
54,69
54,73
54,74
54,75
54,76
54,77
54,78
54,79
54,80
54,81
54,86
54,91
54,93
54,97
54,99
55,1
55,2
55,3
55,5
55,9
55,11
55,12
55,16
55,19
55,21
55,24
55,25
55,26
55,27
55,29
55,30
55,34
55,36
55,37
55,38
55,39
55,43
55,45
55,49
55,51
55,53
55,54
55,55
55,57
55,59
55,63
55,65
55,69
55,73
55,74
55,75
55,76
55,77
55,78
55,79
55,80
55,81
55,86
55,91
55,93
55,97
55,99
56,1
56,2
56,3
56,5
56,9
56,11
56,12
56,16
56,19
56,21
56,24
56,25
56,26
56,27
56,29
56,30
56,34
56,36
56,37
56,38
56,39
56,43
56,45
56,49
56,51
56,53
56,54
56,55
56,57
56,59
56,63
56,65
56,69
56,73
56,74
56,75
56,76
56,77
56,78
56,79
56,80
56,81
56,86
56,91
56,93
56,97
56,99
57,1
57,2
57,3
57,5
57,9
57,11
57,12
57,13
57,16
57,19
57,21
57,24
57,25
57,26
57,27
57,29
57,30
57,34
57,36
57,37
57,38
57,39
57,43
57,45
57,49
57,51
57,53
57,54
57,55
57,57
57,59
57,63
57,65
57,69
57,73
57,74
57,75
57,76
57,77
57,78
57,79
57,80
57,81
57,86
57,91
57,93
57,97
57,99
58,1
58,2
58,3
58,5
58,9
58,11
58,12
58,16
58,19
58,21
58,24
58,25
58,26
58,27
58,29
58,30
58,34
58,36
58,37
58,38
58,39
58,43
58,45
58,49
58,51
58,53
58,54
58,55
58,57
58,59
58,63
58,65
58,69
58,73
58,74
58,75
58,76
58,77
58,78
58,79
58,80
58,81
58,86
58,91
58,93
58,97
58,99
59,1
59,2
59,3
59,5
59,9
59,11
59,12
59,16
59,19
59,21
59,24
59,25
59,26
59,27
59,29
59,30
59,34
59,36
59,37
59,38
59,39
59,43
59,45
59,49
59,51
59,53
59,54
59,55
59,57
59,59
59,63
59,65
59,69
59,73
59,74
59,75
59,76
59,77
59,78
59,79
59,80
59,81
59,86
59,91
59,93
59,97
59,99
60,1
60,2
60,3
60,5
60,9
60,11
60,12
60,16
60,19
60,21
60,24
60,25
60,26
60,27
60,29
60,30
60,34
60,36
60,37
60,38
60,39
60,43
60,45
60,49
60,51
60,53
60,54
60,55
60,57
60,59
60,63
60,65
60,69
60,73
60,74
60,75
60,76
60,77
60,78
60,79
60,80
60,81
60,86
60,91
60,93
60,97
60,99
61,1
61,2
61,3
61,5
61,9
61,11
61,12
61,16
61,19
61,21
61,24
61,25
61,26
61,27
61,29
61,30
61,34
61,36
61,37
61,38
61,39
61,43
61,45
61,49
61,51
61,53
61,54
61,55
61,56
61,57
61,59
61,63
61,65
61,69
61,73
61,74
61,75
61,76
61,77
61,78
61,79
61,80
61,81
61,86
61,91
61,93
61,97
61,99
62,1
62,2
62,3
62,5
62,9
62,11
62,12
62,16
62,19
62,21
62,24
62,25
62,26
62,27
62,29
62,30
62,34
62,36
62,37
62,38
62,39
62,43
62,45
62,49
62,51
62,53
62,54
62,55
62,57
62,59
62,63
62,65
62,66
62,69
62,73
62,74
62,75
62,76
62,77
62,78
62,79
62,80
62,81
62,86
62,91
62,93
62,97
62,99
63,1
63,2
63,3
63,5
63,9
63,11
63,12
63,16
63,19
63,21
63,24
63,25
63,26
63,27
63,29
63,30
63,34
63,36
63,37
63,38
63,39
63,43
63,45
63,49
63,51
63,53
63,54
63,55
63,57
63,59
63,63
63,65
63,69
63,73
63,74
63,75
63,76
63,77
63,78
63,79
63,80
63,81
63,86
63,91
63,93
63,97
63,99
64,1
64,2
64,3
64,5
64,9
64,11
64,12
64,16
64,19
64,21
64,24
64,25
64,26
64,27
64,29
64,30
64,34
64,36
64,37
64,38
64,39
64,43
64,45
64,49
64,51
64,53
64,54
64,55
64,57
64,59
64,63
64,65
64,69
64,73
64,74
64,75
64,76
64,77
64,78
64,79
64,80
64,81
64,86
64,91
64,93
64,97
64,99
65,1
65,2
65,3
65,5
65,9
65,11
65,12
65,15
65,16
65,19
65,21
65,24
65,25
65,26
65,27
65,29
65,30
65,34
65,36
65,37
65,38
65,39
65,43
65,45
65,49
65,51
65,53
65,54
65,55
65,57
65,59
65,63
65,65
65,69
65,73
65,74
65,75
65,76
65,77
65,78
65,79
65,80
65,81
65,86
65,91
65,93
65,97
65,99
66,1
66,2
66,3
66,5
66,9
66,11
66,12
66,16
66,19
66,21
66,24
66,25
66,26
66,27
66,29
66,30
66,34
66,36
66,37
66,38
66,39
66,43
66,45
66,49
66,51
66,53
66,54
66,55
66,57
66,59
66,63
66,65
66,69
66,73
66,74
66,75
66,76
66,77
66,78
66,79
66,80
66,81
66,86
66,91
66,93
66,97
66,99
67,1
67,2
67,3
67,5
67,9
67,11
67,12
67,16
67,19
67,21
67,24
67,25
67,26
67,27
67,29
67,30
67,34
67,36
67,37
67,38
67,39
67,43
67,45
67,49
67,51
67,53
67,54
67,55
67,57
67,59
67,63
67,65
67,69
67,73
67,74
67,75
67,76
67,77
67,78
67,79
67,80
67,81
67,86
67,91
67,93
67,97
67,99
68,1
68,2
68,3
68,5
68,9
68,11
68,12
68,16
68,19
68,21
68,24
68,25
68,26
68,27
68,29
68,30
68,34
68,36
68,37
68,38
68,39
68,43
68,45
68,49
68,51
68,53
68,54
68,55
68,57
68,59
68,63
68,65
68,69
68,73
68,74
68,75
68,76
68,77
68,78
68,79
68,80
68,81
68,86
68,91
68,93
68,97
68,99
69,1
69,2
69,3
69,5
69,9
69,11
69,12
69,16
69,19
69,21
69,24
69,25
69,26
69,27
69,29
69,30
69,34
69,36
69,37
69,38
69,39
69,43
69,45
69,49
69,51
69,53
69,54
69,55
69,57
69,59
69,63
69,65
69,69
69,73
69,74
69,75
69,76
69,77
69,78
69,79
69,80
69,81
69,86
69,91
69,93
69,97
69,99
70,1
70,2
70,3
70,5
70,9
70,11
70,12
70,16
70,19
70,21
70,24
70,25
70,26
70,27
70,29
70,30
70,34
70,36
70,37
70,38
70,39
70,43
70,45
70,49
70,51
70,53
70,54
70,55
70,57
70,59
70,63
70,65
70,69
70,73
70,74
70,75
70,76
70,77
70,78
70,79
70,80
70,81
70,86
70,91
70,93
70,97
70,99
71,1
71,2
71,3
71,5
71,9
71,11
71,12
71,16
71,19
71,21
71,24
71,25
71,26
71,27
71,29
71,30
71,34
71,36
71,37
71,38
71,39
71,43
71,45
71,49
71,51
71,53
71,54
71,55
71,57
71,59
71,63
71,65
71,69
71,73
71,74
71,75
71,76
71,77
71,78
71,79
71,80
71,81
71,86
71,91
71,93
71,97
71,99
72,1
72,2
72,3
72,5
72,9
72,11
72,12
72,16
72,19
72,21
72,24
72,25
72,26
72,27
72,29
72,30
72,34
72,36
72,37
72,38
72,39
72,43
72,45
72,49
72,51
72,53
72,54
72,55
72,57
72,59
72,63
72,65
72,69
72,73
72,74
72,75
72,76
72,77
72,78
72,79
72,80
72,81
72,86
72,91
72,93
72,97
72,99
73,1
73,2
73,3
73,5
73,9
73,11
73,12
73,16
73,19
73,21
73,24
73,25
73,26
73,27
73,29
73,30
73,34
73,36
73,37
73,38
73,39
73,43
73,45
73,49
73,51
73,53
73,54
73,55
73,57
73,59
73,63
73,65
73,69
73,73
73,74
73,75
73,76
73,77
73,78
73,79
73,80
73,81
73,86
73,91
73,93
73,97
73,99
74,1
74,2
74,3
74,4
74,5
74,9
74,11
74,12
74,16
74,19
74,21
74,24
74,25
74,26
74,27
74,29
74,30
74,34
74,36
74,37
74,38
74,39
74,43
74,45
74,49
74,51
74,53
74,54
74,55
74,57
74,59
74,63
74,65
74,69
74,73
74,74
74,75
74,76
74,77
74,78
74,79
74,80
74,81
74,86
74,91
74,93
74,97
74,99
75,1
75,2
75,3
75,5
75,9
75,11
75,12
75,16
75,19
75,21
75,24
75,25
75,26
75,27
75,29
75,30
75,34
75,36
75,37
75,38
75,39
75,43
75,45
75,49
75,51
75,53
75,54
75,55
75,57
75,59
75,63
75,65
75,69
75,73
75,74
75,75
75,76
75,77
75,78
75,79
75,80
75,81
75,86
75,91
75,93
75,97
75,99
77,1
77,2
77,3
77,5
77,9
77,11
77,12
77,16
77,19
77,21
77,24
77,25
77,26
77,27
77,29
77,30
77,34
77,36
77,37
77,38
77,39
77,43
77,45
77,49
77,51
77,53
77,54
77,55
77,57
77,59
77,63
77,65
77,69
77,73
77,74
77,75
77,76
77,77
77,78
77,79
77,80
77,81
77,86
77,91
77,93
77,97
77,99
78,1
78,2
78,3
78,5
78,9
78,11
78,12
78,16
78,19
78,21
78,24
78,25
78,26
78,27
78,29
78,30
78,34
78,36
78,37
78,38
78,39
78,43
78,45
78,49
78,51
78,53
78,54
78,55
78,57
78,59
78,63
78,65
78,69
78,73
78,74
78,75
78,76
78,77
78,78
78,79
78,80
78,81
78,86
78,91
78,93
78,97
78,99
79,1
79,2
79,3
79,5
79,9
79,11
79,12
79,16
79,19
79,21
79,24
79,25
79,26
79,27
79,29
79,30
79,34
79,36
79,37
79,38
79,39
79,43
79,45
79,49
79,51
79,53
79,54
79,55
79,57
79,59
79,63
79,65
79,69
79,73
79,74
79,75
79,76
79,77
79,78
79,79
79,80
79,81
79,86
79,91
79,93
79,97
79,99
80,1
80,2
80,3
80,5
80,9
80,11
80,12
80,16
80,19
80,21
80,24
80,25
80,26
80,27
80,29
80,30
80,34
80,36
80,37
80,38
80,39
80,43
80,45
80,49
80,51
80,53
80,54
80,55
80,57
80,59
80,63
80,65
80,69
80,73
80,74
80,75
80,76
80,77
80,78
80,79
80,80
80,81
80,86
80,91
80,93
80,97
80,99
81,1
81,2
81,3
81,5
81,9
81,11
81,12
81,16
81,19
81,21
81,24
81,25
81,26
81,27
81,29
81,30
81,34
81,36
81,37
81,38
81,39
81,43
81,45
81,49
81,51
81,53
81,54
81,55
81,57
81,59
81,63
81,65
81,69
81,73
81,74
81,75
81,76
81,77
81,78
81,79
81,80
81,81
81,86
81,91
81,93
81,97
81,99
83,1
83,2
83,3
83,5
83,9
83,11
83,12
83,16
83,19
83,21
83,24
83,25
83,26
83,27
83,29
83,30
83,34
83,36
83,37
83,38
83,39
83,43
83,45
83,49
83,51
83,53
83,54
83,55
83,57
83,59
83,63
83,65
83,69
83,73
83,74
83,75
83,76
83,77
83,78
83,79
83,80
83,81
83,86
83,91
83,93
83,97
83,99
84,1
84,2
84,3
84,5
84,9
84,11
84,12
84,16
84,19
84,21
84,24
84,25
84,26
84,27
84,29
84,30
84,34
84,36
84,37
84,38
84,39
84,43
84,45
84,49
84,51
84,53
84,54
84,55
84,57
84,59
84,63
84,65
84,69
84,73
84,74
84,75
84,76
84,77
84,78
84,79
84,80
84,81
84,86
84,91
84,93
84,97
84,99
85,1
85,2
85,3
85,5
85,9
85,11
85,12
85,16
85,17
85,19
85,21
85,24
85,25
85,26
85,27
85,29
85,30
85,33
85,34
85,36
85,37
85,38
85,39
85,43
85,45
85,49
85,51
85,53
85,54
85,55
85,57
85,59
85,63
85,65
85,69
85,73
85,74
85,75
85,76
85,77
85,78
85,79
85,80
85,81
85,86
85,91
85,93
85,97
85,99
86,1
86,2
86,3
86,5
86,9
86,11
86,12
86,16
86,19
86,21
86,24
86,25
86,26
86,27
86,29
86,30
86,34
86,36
86,37
86,38
86,39
86,43
86,45
86,49
86,51
86,53
86,54
86,55
86,57
86,59
86,63
86,65
86,69
86,73
86,74
86,75
86,76
86,77
86,78
86,79
86,80
86,81
86,86
86,91
86,93
86,97
86,99
87,1
87,2
87,3
87,5
87,9
87,11
87,12
87,16
87,19
87,21
87,24
87,25
87,26
87,27
87,29
87,30
87,31
87,34
87,36
87,37
87,38
87,39
87,43
87,45
87,49
87,51
87,53
87,54
87,55
87,57
87,59
87,63
87,65
87,69
87,73
87,74
87,75
87,76
87,77
87,78
87,79
87,80
87,81
87,86
87,91
87,93
87,97
87,99
88,1
88,2
88,3
88,5
88,9
88,11
88,12
88,16
88,19
88,21
88,24
88,25
88,26
88,27
88,29
88,30
88,34
88,36
88,37
88,38
88,39
88,43
88,45
88,49
88,51
88,53
88,54
88,55
88,57
88,59
88,63
88,65
88,69
88,73
88,74
88,75
88,76
88,77
88,78
88,79
88,80
88,81
88,86
88,91
88,93
88,97
88,99
89,1
89,2
89,3
89,5
89,9
89,11
89,12
89,15
89,16
89,19
89,21
89,24
89,25
89,26
89,27
89,29
89,30
89,34
89,36
89,37
89,38
89,39
89,43
89,45
89,49
89,51
89,53
89,54
89,55
89,57
89,59
89,63
89,65
89,69
89,73
89,74
89,75
89,76
89,77
89,78
89,79
89,80
89,81
89,86
89,91
89,93
89,97
89,99
90,1
90,2
90,3
90,5
90,9
90,11
90,12
90,16
90,19
90,21
90,24
90,25
90,26
90,27
90,29
90,30
90,34
90,36
90,37
90,38
90,39
90,43
90,45
90,49
90,51
90,53
90,54
90,55
90,57
90,59
90,63
90,65
90,69
90,73
90,74
90,75
90,76
90,77
90,78
90,79
90,80
90,81
90,86
90,91
90,93
90,97
90,99
91,1
91,2
91,3
91,5
91,9
91,11
91,12
91,16
91,19
91,21
91,24
91,25
91,26
91,27
91,29
91,30
91,34
91,36
91,37
91,38
91,39
91,43
91,45
91,49
91,51
91,53
91,54
91,55
91,57
91,59
91,63
91,65
91,69
91,73
91,74
91,75
91,76
91,77
91,78
91,79
91,80
91,81
91,86
91,91
91,93
91,97
91,99
94,1
94,2
94,3
94,5
94,9
94,11
94,12
94,16
94,19
94,21
94,24
94,25
94,26
94,27
94,29
94,30
94,34
94,36
94,37
94,38
94,39
94,43
94,45
94,49
94,51
94,53
94,54
94,55
94,57
94,59
94,63
94,65
94,69
94,73
94,74
94,75
94,76
94,77
94,78
94,79
94,80
94,81
94,86
94,91
94,93
94,97
94,99
95,1
95,2
95,3
95,5
95,9
95,11
95,12
95,16
95,19
95,21
95,24
95,25
95,26
95,27
95,29
95,30
95,34
95,36
95,37
95,38
95,39
95,43
95,45
95,49
95,51
95,53
95,54
95,55
95,57
95,59
95,63
95,65
95,69
95,73
95,74
95,75
95,76
95,77
95,78
95,79
95,80
95,81
95,86
95,91
95,93
95,97
95,99
96,1
96,2
96,3
96,5
96,9
96,11
96,12
96,16
96,19
96,21
96,24
96,25
96,26
96,27
96,29
96,30
96,34
96,36
96,37
96,38
96,39
96,43
96,45
96,49
96,51
96,53
96,54
96,55
96,57
96,59
96,63
96,65
96,69
96,73
96,74
96,75
96,76
96,77
96,78
96,79
96,80
96,81
96,86
96,91
96,93
96,97
96,99
97,1
97,2
97,3
97,5
97,9
97,11
97,12
97,16
97,19
97,21
97,24
97,25
97,26
97,27
97,29
97,30
97,34
97,36
97,37
97,38
97,39
97,43
97,45
97,49
97,51
97,53
97,54
97,55
97,57
97,59
97,63
97,65
97,69
97,73
97,74
97,75
97,76
97,77
97,78
97,79
97,80
97,81
97,86
97,91
97,93
97,97
97,99
99,1
99,2
99,3
99,5
99,9
99,11
99,12
99,16
99,19
99,21
99,24
99,25
99,26
99,27
99,29
99,30
99,34
99,36
99,37
99,38
99,39
99,43
99,45
99,49
99,51
99,53
99,54
99,55
99,57
99,59
99,63
99,65
99,69
99,73
99,74
99,75
99,76
99,77
99,78
99,79
99,80
99,81
99,86
99,91
99,93
99,97
99,99
