0,0
0,3
0,4
0,5
0,6
0,7
0,9
0,11
0,12
0,14
0,15
0,16
0,19
0,21
0,22
0,26
0,28
0,30
0,32
0,33
0,34
0,40
0,42
0,44
0,46
0,53
0,54
0,56
0,58
0,59
0,61
0,64
0,65
0,67
0,68
0,69
0,71
0,73
0,75
0,77
0,82
0,84
0,85
0,86
0,88
0,90
0,92
0,94
0,98
1,0
1,3
1,4
1,5
1,6
1,7
1,9
1,11
1,12
1,14
1,15
1,16
1,19
1,26
1,28
1,30
1,32
1,33
1,34
1,40
1,42
1,44
1,46
1,53
1,54
1,56
1,58
1,59
1,61
1,64
1,65
1,67
1,68
1,69
1,71
1,73
1,75
1,77
1,82
1,84
1,85
1,86
1,88
1,90
1,92
1,94
1,98
2,0
2,3
2,4
2,5
2,6
2,7
2,9
2,11
2,12
2,14
2,15
2,16
2,19
2,26
2,28
2,30
2,32
2,33
2,34
2,40
2,42
2,44
2,46
2,53
2,54
2,56
2,58
2,59
2,61
2,64
2,65
2,67
2,68
2,69
2,71
2,73
2,75
2,77
2,82
2,84
2,85
2,86
2,88
2,90
2,92
2,94
2,98
3,0
3,3
3,4
3,5
3,6
3,7
3,9
3,11
3,12
3,14
3,15
3,16
3,19
3,26
3,28
3,30
3,32
3,33
3,34
3,40
3,42
3,44
3,46
3,53
3,54
3,56
3,58
3,59
3,61
3,64
3,65
3,67
3,68
3,69
3,71
3,73
3,75
3,77
3,82
3,84
3,85
3,86
3,88
3,90
3,92
3,94
3,98
4,0
4,3
4,4
4,5
4,6
4,7
4,9
4,11
4,12
4,14
4,15
4,16
4,19
4,26
4,28
4,30
4,32
4,33
4,34
4,40
4,42
4,44
4,46
4,53
4,54
4,56
4,58
4,59
4,61
4,64
4,65
4,67
4,68
4,69
4,71
4,73
4,75
4,77
4,82
4,84
4,85
4,86
4,88
4,90
4,92
4,94
4,98
5,0
5,3
5,4
5,5
5,6
5,7
5,9
5,11
5,12
5,14
5,15
5,16
5,19
5,26
5,28
5,30
5,32
5,33
5,34
5,40
5,42
5,44
5,46
5,53
5,54
5,56
5,58
5,59
5,61
5,64
5,65
5,67
5,68
5,69
5,71
5,73
5,75
5,77
5,82
5,84
5,85
5,86
5,88
5,90
5,92
5,94
5,98
7,0
7,3
7,4
7,5
7,6
7,7
7,9
7,11
7,12
7,14
7,15
7,16
7,19
7,21
7,26
7,28
7,30
7,32
7,33
7,34
7,40
7,42
7,44
7,46
7,53
7,54
7,56
7,58
7,59
7,61
7,64
7,65
7,67
7,68
7,69
7,71
7,73
7,75
7,77
7,80
7,82
7,84
7,85
7,86
7,88
7,90
7,92
7,94
7,98
8,0
8,3
8,4
8,5
8,6
8,7
8,9
8,11
8,12
8,14
8,15
8,16
8,19
8,26
8,28
8,30
8,32
8,33
8,34
8,40
8,42
8,44
8,46
8,53
8,54
8,56
8,58
8,59
8,61
8,64
8,65
8,66
8,67
8,68
8,69
8,71
8,73
8,75
8,77
8,82
8,84
8,85
8,86
8,88
8,90
8,92
8,94
8,98
9,0
9,3
9,4
9,5
9,6
9,7
9,9
9,11
9,12
9,14
9,15
9,16
9,19
9,26
9,28
9,30
9,32
9,33
9,34
9,40
9,42
9,44
9,46
9,53
9,54
9,56
9,58
9,59
9,61
9,64
9,65
9,67
9,68
9,69
9,71
9,73
9,75
9,77
9,82
9,84
9,85
9,86
9,88
9,90
9,92
9,94
9,98
10,0
10,3
10,4
10,5
10,6
10,7
10,9
10,11
10,12
10,14
10,15
10,16
10,19
10,26
10,28
10,30
10,32
10,33
10,34
10,40
10,42
10,44
10,46
10,53
10,54
10,56
10,57
10,58
10,59
10,61
10,64
10,65
10,67
10,68
10,69
10,71
10,73
10,75
10,77
10,82
10,84
10,85
10,86
10,87
10,88
10,90
10,92
10,94
10,98
11,0
11,3
11,4
11,5
11,6
11,7
11,9
11,11
11,12
11,14
11,15
11,16
11,19
11,26
11,28
11,30
11,32
11,33
11,34
11,40
11,42
11,44
11,46
11,53
11,54
11,56
11,58
11,59
11,61
11,64
11,65
11,67
11,68
11,69
11,71
11,73
11,75
11,77
11,82
11,84
11,85
11,86
11,88
11,90
11,92
11,94
11,98
12,0
12,3
12,4
12,5
12,6
12,7
12,9
12,11
12,12
12,14
12,15
12,16
12,19
12,26
12,28
12,30
12,32
12,33
12,34
12,40
12,42
12,44
12,46
12,53
12,54
12,56
12,58
12,59
12,61
12,64
12,65
12,67
12,68
12,69
12,71
12,73
12,75
12,77
12,82
12,84
12,85
12,86
12,88
12,90
12,92
12,94
12,98
13,0
13,3
13,4
13,5
13,6
13,7
13,9
13,11
13,12
13,14
13,15
13,16
13,19
13,26
13,28
13,30
13,32
13,33
13,34
13,40
13,42
13,44
13,46
13,53
13,54
13,56
13,58
13,59
13,61
13,64
13,65
13,67
13,68
13,69
13,71
13,73
13,75
13,77
13,82
13,84
13,85
13,86
13,88
13,90
13,92
13,94
13,98
14,0
14,3
14,4
14,5
14,6
14,7
14,9
14,11
14,12
14,14
14,15
14,16
14,19
14,26
14,28
14,30
14,32
14,33
14,34
14,40
14,42
14,44
14,46
14,53
14,54
14,56
14,58
14,59
14,61
14,64
14,65
14,67
14,68
14,69
14,71
14,73
14,75
14,77
14,82
14,84
14,85
14,86
14,88
14,90
14,92
14,94
14,98
15,58
15,65
16,0
16,3
16,4
16,5
16,6
16,7
16,9
16,11
16,12
16,14
16,15
16,16
16,19
16,26
16,28
16,30
16,32
16,33
16,34
16,40
16,42
16,44
16,46
16,53
16,54
16,56
16,58
16,59
16,61
16,64
16,65
16,67
16,68
16,69
16,71
16,73
16,75
16,77
16,82
16,84
16,85
16,86
16,88
16,90
16,92
16,94
16,98
17,0
17,3
17,4
17,5
17,6
17,7
17,9
17,11
17,12
17,14
17,15
17,16
17,19
17,26
17,28
17,30
17,32
17,33
17,34
17,40
17,42
17,44
17,46
17,53
17,54
17,56
17,58
17,59
17,61
17,64
17,65
17,67
17,68
17,69
17,71
17,73
17,75
17,77
17,82
17,84
17,85
17,86
17,88
17,90
17,92
17,94
17,98
18,0
18,3
18,4
18,5
18,6
18,7
18,9
18,11
18,12
18,14
18,15
18,16
18,19
18,26
18,28
18,30
18,32
18,33
18,34
18,40
18,42
18,44
18,46
18,52
18,53
18,54
18,56
18,58
18,59
18,61
18,64
18,65
18,67
18,68
18,69
18,71
18,73
18,75
18,77
18,82
18,84
18,85
18,86
18,88
18,90
18,92
18,94
18,98
19,26
19,58
19,77
19,82
20,0
20,3
20,4
20,5
20,6
20,7
20,9
20,11
20,12
20,14
20,15
20,16
20,19
20,26
20,28
20,30
20,32
20,33
20,34
20,40
20,42
20,44
20,46
20,53
20,54
20,56
20,58
20,59
20,61
20,64
20,65
20,67
20,68
20,69
20,71
20,73
20,75
20,77
20,82
20,84
20,85
20,86
20,88
20,90
20,92
20,94
20,98
22,0
22,3
22,4
22,5
22,6
22,7
22,9
22,11
22,12
22,14
22,15
22,16
22,19
22,26
22,28
22,30
22,32
22,33
22,34
22,40
22,42
22,44
22,46
22,53
22,54
22,56
22,58
22,59
22,61
22,64
22,65
22,67
22,68
22,69
22,71
22,73
22,75
22,77
22,82
22,84
22,85
22,86
22,88
22,90
22,92
22,94
22,98
23,0
23,3
23,4
23,5
23,6
23,7
23,9
23,11
23,12
23,14
23,15
23,16
23,19
23,26
23,28
23,30
23,32
23,33
23,34
23,40
23,42
23,44
23,46
23,53
23,54
23,56
23,58
23,59
23,61
23,64
23,65
23,67
23,68
23,69
23,71
23,73
23,75
23,77
23,82
23,84
23,85
23,86
23,88
23,90
23,92
23,94
23,97
23,98
24,0
24,3
24,4
24,5
24,6
24,7
24,9
24,11
24,12
24,14
24,15
24,16
24,19
24,26
24,28
24,30
24,32
24,33
24,34
24,40
24,42
24,44
24,46
24,53
24,54
24,56
24,58
24,59
24,61
24,64
24,65
24,67
24,68
24,69
24,71
24,73
24,75
24,77
24,82
24,84
24,85
24,86
24,88
24,90
24,92
24,94
24,98
25,0
25,3
25,4
25,5
25,6
25,7
25,9
25,11
25,12
25,14
25,15
25,16
25,19
25,26
25,28
25,30
25,32
25,33
25,34
25,40
25,42
25,44
25,46
25,53
25,54
25,56
25,58
25,59
25,61
25,64
25,65
25,67
25,68
25,69
25,71
25,73
25,75
25,77
25,82
25,84
25,85
25,86
25,88
25,90
25,92
25,94
25,98
26,5
27,0
27,3
27,4
27,5
27,6
27,7
27,9
27,11
27,12
27,14
27,15
27,16
27,19
27,26
27,28
27,30
27,32
27,33
27,34
27,40
27,42
27,44
27,46
27,53
27,54
27,56
27,58
27,59
27,61
27,64
27,65
27,67
27,68
27,69
27,71
27,73
27,75
27,77
27,82
27,84
27,85
27,86
27,88
27,90
27,92
27,94
27,98
28,0
28,3
28,4
28,5
28,6
28,7
28,9
28,11
28,12
28,14
28,15
28,16
28,19
28,26
28,28
28,30
28,32
28,33
28,34
28,40
28,42
28,44
28,46
28,53
28,54
28,56
28,58
28,59
28,61
28,64
28,65
28,67
28,68
28,69
28,71
28,73
28,75
28,77
28,82
28,84
28,85
28,86
28,88
28,90
28,92
28,94
28,98
29,0
29,3
29,4
29,5
29,6
29,7
29,9
29,11
29,12
29,14
29,15
29,16
29,19
29,26
29,28
29,30
29,32
29,33
29,34
29,40
29,42
29,44
29,46
29,53
29,54
29,56
29,58
29,59
29,61
29,64
29,65
29,67
29,68
29,69
29,71
29,73
29,75
29,77
29,82
29,84
29,85
29,86
29,88
29,90
29,92
29,94
29,98
30,0
30,3
30,4
30,5
30,6
30,7
30,9
30,11
30,12
30,14
30,15
30,16
30,19
30,26
30,28
30,30
30,32
30,33
30,34
30,40
30,42
30,44
30,46
30,53
30,54
30,56
30,58
30,59
30,61
30,64
30,65
30,67
30,68
30,69
30,71
30,73
30,75
30,77
30,82
30,84
30,85
30,86
30,88
30,90
30,92
30,94
30,98
31,0
31,3
31,4
31,5
31,6
31,7
31,9
31,11
31,12
31,14
31,15
31,16
31,19
31,26
31,28
31,30
31,32
31,33
31,34
31,40
31,42
31,44
31,46
31,53
31,54
31,56
31,58
31,59
31,61
31,64
31,65
31,67
31,68
31,69
31,71
31,73
31,75
31,77
31,82
31,84
31,85
31,86
31,88
31,90
31,92
31,94
31,98
32,0
32,3
32,4
32,5
32,6
32,7
32,9
32,11
32,12
32,14
32,15
32,16
32,19
32,26
32,28
32,30
32,32
32,33
32,34
32,40
32,42
32,44
32,46
32,53
32,54
32,56
32,58
32,59
32,61
32,64
32,65
32,67
32,68
32,69
32,71
32,73
32,75
32,77
32,82
32,84
32,85
32,86
32,88
32,90
32,92
32,94
32,98
33,0
33,3
33,4
33,5
33,6
33,7
33,9
33,11
33,12
33,14
33,15
33,16
33,19
33,26
33,28
33,30
33,32
33,33
33,34
33,40
33,42
33,44
33,46
33,53
33,54
33,56
33,58
33,59
33,61
33,64
33,65
33,67
33,68
33,69
33,71
33,73
33,75
33,77
33,82
33,84
33,85
33,86
33,88
33,90
33,92
33,94
33,98
34,0
34,3
34,4
34,5
34,6
34,7
34,9
34,11
34,12
34,14
34,15
34,16
34,19
34,26
34,28
34,30
34,32
34,33
34,34
34,40
34,42
34,44
34,46
34,53
34,54
34,56
34,58
34,59
34,61
34,64
34,65
34,67
34,68
34,69
34,71
34,73
34,75
34,77
34,82
34,84
34,85
34,86
34,88
34,90
34,92
34,94
34,98
35,0
35,3
35,4
35,5
35,6
35,7
35,9
35,11
35,12
35,14
35,15
35,16
35,19
35,26
35,28
35,30
35,32
35,33
35,34
35,40
35,42
35,44
35,46
35,53
35,54
35,56
35,58
35,59
35,61
35,64
35,65
35,67
35,68
35,69
35,71
35,73
35,75
35,77
35,82
35,84
35,85
35,86
35,88
35,90
35,92
35,94
35,98
36,0
36,3
36,4
36,5
36,6
36,7
36,9
36,11
36,12
36,14
36,15
36,16
36,19
36,26
36,28
36,30
36,32
36,33
36,34
36,40
36,42
36,44
36,46
36,53
36,54
36,56
36,58
36,59
36,61
36,64
36,65
36,67
36,68
36,69
36,71
36,73
36,75
36,77
36,82
36,84
36,85
36,86
36,88
36,90
36,92
36,94
36,98
37,0
37,3
37,4
37,5
37,6
37,7
37,9
37,11
37,12
37,14
37,15
37,16
37,19
37,26
37,28
37,30
37,32
37,33
37,34
37,40
37,42
37,44
37,46
37,53
37,54
37,56
37,58
37,59
37,61
37,64
37,65
37,67
37,68
37,69
37,71
37,73
37,75
37,77
37,82
37,84
37,85
37,86
37,88
37,90
37,92
37,94
37,98
38,32
38,92
39,0
39,3
39,4
39,5
39,6
39,7
39,9
39,11
39,12
39,14
39,15
39,16
39,19
39,26
39,28
39,30
39,32
39,33
39,34
39,40
39,42
39,44
39,46
39,53
39,54
39,56
39,58
39,59
39,61
39,64
39,65
39,67
39,68
39,69
39,71
39,73
39,75
39,77
39,82
39,84
39,85
39,86
39,88
39,90
39,92
39,94
39,98
40,0
40,3
40,4
40,5
40,6
40,7
40,9
40,11
40,12
40,14
40,15
40,16
40,19
40,26
40,28
40,30
40,32
40,33
40,34
40,40
40,42
40,44
40,46
40,53
40,54
40,56
40,58
40,59
40,61
40,64
40,65
40,67
40,68
40,69
40,71
40,73
40,75
40,77
40,82
40,84
40,85
40,86
40,87
40,88
40,90
40,92
40,94
40,98
41,6
41,88
42,0
42,3
42,4
42,5
42,6
42,7
42,9
42,11
42,12
42,14
42,15
42,16
42,19
42,23
42,26
42,28
42,30
42,32
42,33
42,34
42,40
42,42
42,44
42,46
42,53
42,54
42,56
42,58
42,59
42,61
42,64
42,65
42,67
42,68
42,69
42,71
42,73
42,75
42,77
42,82
42,84
42,85
42,86
42,88
42,90
42,92
42,94
42,98
43,0
43,3
43,4
43,5
43,6
43,7
43,9
43,11
43,12
43,14
43,15
43,16
43,19
43,26
43,28
43,30
43,32
43,33
43,34
43,40
43,42
43,44
43,46
43,53
43,54
43,56
43,58
43,59
43,61
43,64
43,65
43,67
43,68
43,69
43,71
43,73
43,75
43,77
43,82
43,84
43,85
43,86
43,88
43,90
43,92
43,94
43,98
44,0
44,3
44,4
44,5
44,6
44,7
44,9
44,11
44,12
44,14
44,15
44,16
44,19
44,26
44,28
44,30
44,32
44,33
44,34
44,40
44,42
44,44
44,46
44,53
44,54
44,56
44,58
44,59
44,61
44,64
44,65
44,67
44,68
44,69
44,71
44,73
44,75
44,77
44,82
44,84
44,85
44,86
44,88
44,90
44,92
44,94
44,98
45,0
45,3
45,4
45,5
45,6
45,7
45,9
45,11
45,12
45,14
45,15
45,16
45,19
45,26
45,28
45,30
45,32
45,33
45,34
45,40
45,42
45,44
45,46
45,53
45,54
45,56
45,58
45,59
45,61
45,64
45,65
45,67
45,68
45,69
45,71
45,73
45,75
45,77
45,82
45,84
45,85
45,86
45,88
45,90
45,92
45,94
45,98
46,0
46,3
46,4
46,5
46,6
46,7
46,9
46,11
46,12
46,14
46,15
46,16
46,19
46,26
46,28
46,30
46,32
46,33
46,34
46,40
46,42
46,44
46,46
46,53
46,54
46,56
46,58
46,59
46,61
46,64
46,65
46,67
46,68
46,69
46,71
46,73
46,75
46,77
46,82
46,84
46,85
46,86
46,88
46,90
46,92
46,94
46,98
47,0
47,3
47,4
47,5
47,6
47,7
47,9
47,11
47,12
47,14
47,15
47,16
47,19
47,23
47,26
47,28
47,30
47,32
47,33
47,34
47,40
47,42
47,44
47,46
47,53
47,54
47,56
47,58
47,59
47,61
47,64
47,65
47,67
47,68
47,69
47,71
47,73
47,75
47,77
47,82
47,84
47,85
47,86
47,88
47,90
47,92
47,94
47,98
48,0
48,3
48,4
48,5
48,6
48,7
48,9
48,11
48,12
48,14
48,15
48,16
48,19
48,26
48,28
48,30
48,32
48,33
48,34
48,40
48,42
48,44
48,46
48,53
48,54
48,56
48,58
48,59
48,61
48,63
48,64
48,65
48,67
48,68
48,69
48,71
48,73
48,75
48,77
48,82
48,84
48,85
48,86
48,88
48,90
48,92
48,94
48,98
49,0
49,3
49,4
49,5
49,6
49,7
49,9
49,11
49,12
49,14
49,15
49,16
49,19
49,26
49,28
49,30
49,32
49,33
49,34
49,40
49,42
49,44
49,46
49,53
49,54
49,56
49,58
49,59
49,61
49,64
49,65
49,67
49,68
49,69
49,71
49,73
49,75
49,77
49,82
49,84
49,85
49,86
49,88
49,90
49,92
49,94
49,98
50,0
50,3
50,4
50,5
50,6
50,7
50,9
50,11
50,12
50,14
50,15
50,16
50,19
50,20
50,26
50,28
50,30
50,32
50,33
50,34
50,40
50,42
50,44
50,46
50,53
50,54
50,56
50,58
50,59
50,61
50,64
50,65
50,67
50,68
50,69
50,71
50,73
50,75
50,77
50,82
50,84
50,85
50,86
50,88
50,90
50,92
50,94
50,98
52,0
52,3
52,4
52,5
52,6
52,7
52,9
52,11
52,12
52,14
52,15
52,16
52,19
52,26
52,28
52,30
52,32
52,33
52,34
52,40
52,42
52,44
52,46
52,53
52,54
52,56
52,58
52,59
52,61
52,64
52,65
52,67
52,68
52,69
52,71
52,73
52,75
52,77
52,82
52,84
52,85
52,86
52,88
52,90
52,92
52,94
52,98
53,0
53,3
53,4
53,5
53,6
53,7
53,9
53,11
53,12
53,14
53,15
53,16
53,19
53,26
53,28
53,30
53,32
53,33
53,34
53,40
53,42
53,44
53,46
53,53
53,54
53,56
53,58
53,59
53,61
53,64
53,65
53,67
53,68
53,69
53,71
53,73
53,75
53,77
53,82
53,84
53,85
53,86
53,88
53,90
53,92
53,94
53,98
54,0
54,3
54,4
54,5
54,6
54,7
54,9
54,11
54,12
54,14
54,15
54,16
54,19
54,26
54,28
54,30
54,32
54,33
54,34
54,40
54,42
54,44
54,46
54,53
54,54
54,56
54,58
54,59
54,61
54,64
54,65
54,67
54,68
54,69
54,71
54,73
54,75
54,77
54,82
54,84
54,85
54,86
54,88
54,90
54,92
54,94
54,98
55,0
55,3
55,4
55,5
55,6
55,7
55,9
55,11
55,12
55,14
55,15
55,16
55,19
55,26
55,28
55,30
55,32
55,33
55,34
55,40
55,42
55,44
55,46
55,53
55,54
55,56
55,58
55,59
55,61
55,64
55,65
55,67
55,68
55,69
55,71
55,73
55,75
55,77
55,82
55,84
55,85
55,86
55,88
55,90
55,92
55,94
55,98
56,0
56,3
56,4
56,5
56,6
56,7
56,9
56,11
56,12
56,14
56,15
56,16
56,19
56,26
56,28
56,30
56,32
56,33
56,34
56,40
56,42
56,44
56,46
56,53
56,54
56,56
56,58
56,59
56,61
56,64
56,65
56,67
56,68
56,69
56,71
56,73
56,75
56,77
56,82
56,84
56,85
56,86
56,88
56,90
56,92
56,94
56,98
57,0
57,3
57,4
57,5
57,6
57,7
57,9
57,11
57,12
57,14
57,15
57,16
57,19
57,26
57,28
57,30
57,32
57,33
57,34
57,40
57,42
57,44
57,46
57,53
57,54
57,56
57,58
57,59
57,61
57,64
57,65
57,67
57,68
57,69
57,71
57,73
57,75
57,77
57,82
57,84
57,85
57,86
57,88
57,90
57,92
57,94
57,98
58,0
58,3
58,4
58,5
58,6
58,7
58,9
58,11
58,12
58,14
58,15
58,16
58,19
58,26
58,28
58,29
58,30
58,32
58,33
58,34
58,38
58,40
58,42
58,44
58,46
58,53
58,54
58,56
58,58
58,59
58,61
58,64
58,65
58,67
58,68
58,69
58,71
58,73
58,75
58,77
58,82
58,84
58,85
58,86
58,88
58,90
58,92
58,94
58,98
59,0
59,3
59,4
59,5
59,6
59,7
59,9
59,11
59,12
59,14
59,15
59,16
59,19
59,26
59,28
59,30
59,32
59,33
59,34
59,40
59,42
59,44
59,46
59,53
59,54
59,56
59,58
59,59
59,61
59,64
59,65
59,67
59,68
59,69
59,71
59,73
59,75
59,77
59,82
59,84
59,85
59,86
59,88
59,90
59,92
59,94
59,98
60,0
60,3
60,4
60,5
60,6
60,7
60,9
60,11
60,12
60,14
60,15
60,16
60,19
60,26
60,28
60,30
60,32
60,33
60,34
60,40
60,42
60,44
60,46
60,53
60,54
60,56
60,58
60,59
60,61
60,64
60,65
60,67
60,68
60,69
60,71
60,73
60,75
60,77
60,82
60,84
60,85
60,86
60,88
60,90
60,92
60,94
60,98
61,0
61,3
61,4
61,5
61,6
61,7
61,9
61,11
61,12
61,14
61,15
61,16
61,19
61,26
61,28
61,30
61,32
61,33
61,34
61,40
61,42
61,44
61,46
61,49
61,53
61,54
61,56
61,58
61,59
61,61
61,64
61,65
61,67
61,68
61,69
61,71
61,73
61,75
61,77
61,82
61,84
61,85
61,86
61,88
61,90
61,92
61,94
61,98
62,0
62,3
62,4
62,5
62,6
62,7
62,9
62,11
62,12
62,14
62,15
62,16
62,19
62,26
62,28
62,30
62,32
62,33
62,34
62,40
62,42
62,44
62,46
62,49
62,53
62,54
62,56
62,58
62,59
62,61
62,64
62,65
62,67
62,68
62,69
62,71
62,73
62,75
62,77
62,82
62,84
62,85
62,86
62,88
62,90
62,92
62,94
62,98
63,0
63,3
63,4
63,5
63,6
63,7
63,9
63,11
63,12
63,14
63,15
63,16
63,19
63,26
63,28
63,30
63,32
63,33
63,34
63,40
63,42
63,44
63,46
63,53
63,54
63,56
63,58
63,59
63,61
63,64
63,65
63,67
63,68
63,69
63,71
63,73
63,75
63,77
63,82
63,84
63,85
63,86
63,88
63,90
63,92
63,94
63,98
64,0
64,3
64,4
64,5
64,6
64,7
64,9
64,11
64,12
64,14
64,15
64,16
64,19
64,26
64,28
64,30
64,32
64,33
64,34
64,40
64,42
64,44
64,46
64,53
64,54
64,56
64,58
64,59
64,61
64,64
64,65
64,67
64,68
64,69
64,71
64,73
64,75
64,77
64,82
64,84
64,85
64,86
64,88
64,90
64,92
64,94
64,98
65,0
65,3
65,4
65,5
65,6
65,7
65,9
65,11
65,12
65,14
65,15
65,16
65,19
65,26
65,28
65,30
65,32
65,33
65,34
65,40
65,42
65,44
65,46
65,53
65,54
65,56
65,58
65,59
65,61
65,64
65,65
65,67
65,68
65,69
65,71
65,73
65,75
65,77
65,82
65,84
65,85
65,86
65,88
65,90
65,92
65,94
65,98
66,0
66,3
66,4
66,5
66,6
66,7
66,9
66,11
66,12
66,14
66,15
66,16
66,19
66,26
66,28
66,30
66,32
66,33
66,34
66,40
66,42
66,44
66,46
66,53
66,54
66,56
66,58
66,59
66,61
66,64
66,65
66,67
66,68
66,69
66,71
66,73
66,75
66,77
66,82
66,84
66,85
66,86
66,88
66,90
66,92
66,94
66,98
67,0
67,3
67,4
67,5
67,6
67,7
67,9
67,11
67,12
67,14
67,15
67,16
67,19
67,26
67,28
67,30
67,32
67,33
67,34
67,40
67,42
67,44
67,46
67,53
67,54
67,56
67,58
67,59
67,61
67,64
67,65
67,67
67,68
67,69
67,71
67,73
67,75
67,77
67,82
67,84
67,85
67,86
67,88
67,90
67,92
67,94
67,98
68,0
68,3
68,4
68,5
68,6
68,7
68,9
68,11
68,12
68,14
68,15
68,16
68,19
68,26
68,28
68,30
68,32
68,33
68,34
68,40
68,42
68,44
68,46
68,53
68,54
68,56
68,58
68,59
68,61
68,64
68,65
68,67
68,68
68,69
68,71
68,73
68,75
68,77
68,82
68,84
68,85
68,86
68,88
68,90
68,92
68,94
68,98
69,0
69,3
69,4
69,5
69,6
69,7
69,9
69,11
69,12
69,14
69,15
69,16
69,19
69,26
69,28
69,30
69,32
69,33
69,34
69,40
69,42
69,44
69,46
69,53
69,54
69,56
69,58
69,59
69,61
69,64
69,65
69,67
69,68
69,69
69,71
69,73
69,75
69,77
69,82
69,84
69,85
69,86
69,88
69,90
69,92
69,94
69,98
70,0
70,3
70,4
70,5
70,6
70,7
70,9
70,11
70,12
70,14
70,15
70,16
70,19
70,26
70,28
70,30
70,32
70,33
70,34
70,40
70,42
70,44
70,46
70,53
70,54
70,56
70,58
70,59
70,61
70,64
70,65
70,67
70,68
70,69
70,71
70,73
70,75
70,77
70,82
70,84
70,85
70,86
70,88
70,90
70,92
70,94
70,98
71,0
71,3
71,4
71,5
71,6
71,7
71,9
71,11
71,12
71,14
71,15
71,16
71,19
71,26
71,28
71,30
71,32
71,33
71,34
71,40
71,42
71,44
71,46
71,53
71,54
71,56
71,58
71,59
71,61
71,64
71,65
71,67
71,68
71,69
71,71
71,73
71,75
71,77
71,82
71,84
71,85
71,86
71,88
71,90
71,92
71,94
71,98
72,0
72,3
72,4
72,5
72,6
72,7
72,9
72,11
72,12
72,14
72,15
72,16
72,19
72,26
72,28
72,30
72,32
72,33
72,34
72,40
72,42
72,44
72,46
72,53
72,54
72,56
72,58
72,59
72,61
72,64
72,65
72,67
72,68
72,69
72,71
72,73
72,75
72,77
72,82
72,84
72,85
72,86
72,88
72,90
72,92
72,94
72,98
73,0
73,3
73,4
73,5
73,6
73,7
73,9
73,11
73,12
73,14
73,15
73,16
73,19
73,26
73,28
73,30
73,32
73,33
73,34
73,40
73,42
73,44
73,46
73,53
73,54
73,56
73,58
73,59
73,61
73,64
73,65
73,67
73,68
73,69
73,71
73,73
73,75
73,77
73,82
73,84
73,85
73,86
73,88
73,90
73,92
73,94
73,98
74,0
74,3
74,4
74,5
74,6
74,7
74,9
74,11
74,12
74,14
74,15
74,16
74,19
74,26
74,28
74,30
74,32
74,33
74,34
74,40
74,42
74,44
74,46
74,53
74,54
74,56
74,58
74,59
74,61
74,64
74,65
74,67
74,68
74,69
74,71
74,73
74,75
74,77
74,82
74,84
74,85
74,86
74,88
74,90
74,92
74,94
74,98
75,0
75,3
75,4
75,5
75,6
75,7
75,9
75,11
75,12
75,14
75,15
75,16
75,19
75,26
75,28
75,30
75,32
75,33
75,34
75,40
75,42
75,44
75,46
75,53
75,54
75,56
75,58
75,59
75,61
75,64
75,65
75,67
75,68
75,69
75,71
75,73
75,75
75,77
75,82
75,84
75,85
75,86
75,88
75,90
75,92
75,94
75,98
77,0
77,3
77,4
77,5
77,6
77,7
77,9
77,11
77,12
77,14
77,15
77,16
77,19
77,26
77,28
77,30
77,32
77,33
77,34
77,40
77,42
77,44
77,46
77,53
77,54
77,56
77,58
77,59
77,61
77,64
77,65
77,67
77,68
77,69
77,71
77,73
77,75
77,77
77,82
77,84
77,85
77,86
77,88
77,90
77,92
77,94
77,98
78,0
78,3
78,4
78,5
78,6
78,7
78,9
78,11
78,12
78,14
78,15
78,16
78,19
78,26
78,28
78,30
78,32
78,33
78,34
78,40
78,42
78,44
78,46
78,53
78,54
78,56
78,58
78,59
78,61
78,64
78,65
78,67
78,68
78,69
78,71
78,73
78,75
78,77
78,82
78,84
78,85
78,86
78,88
78,90
78,92
78,94
78,98
79,0
79,3
79,4
79,5
79,6
79,7
79,9
79,11
79,12
79,14
79,15
79,16
79,19
79,26
79,28
79,30
79,32
79,33
79,34
79,40
79,42
79,44
79,46
79,53
79,54
79,56
79,58
79,59
79,61
79,64
79,65
79,67
79,68
79,69
79,71
79,73
79,75
79,77
79,82
79,84
79,85
79,86
79,88
79,90
79,92
79,94
79,98
80,0
80,3
80,4
80,5
80,6
80,7
80,9
80,11
80,12
80,14
80,15
80,16
80,19
80,26
80,28
80,30
80,32
80,33
80,34
80,40
80,42
80,44
80,46
80,53
80,54
80,56
80,58
80,59
80,61
80,64
80,65
80,67
80,68
80,69
80,71
80,73
80,75
80,77
80,82
80,84
80,85
80,86
80,88
80,90
80,92
80,94
80,98
81,0
82,0
82,3
82,4
82,5
82,6
82,7
82,9
82,11
82,12
82,14
82,15
82,16
82,19
82,26
82,28
82,30
82,32
82,33
82,34
82,40
82,42
82,44
82,46
82,53
82,54
82,56
82,58
82,59
82,61
82,64
82,65
82,67
82,68
82,69
82,71
82,73
82,75
82,77
82,82
82,84
82,85
82,86
82,88
82,90
82,92
82,94
82,98
83,0
83,3
83,4
83,5
83,6
83,7
83,9
83,11
83,12
83,14
83,15
83,16
83,19
83,26
83,28
83,30
83,32
83,33
83,34
83,40
83,42
83,44
83,46
83,53
83,54
83,56
83,58
83,59
83,61
83,64
83,65
83,67
83,68
83,69
83,71
83,73
83,75
83,77
83,82
83,84
83,85
83,86
83,88
83,90
83,92
83,94
83,98
84,0
84,3
84,4
84,5
84,6
84,7
84,9
84,11
84,12
84,14
84,15
84,16
84,19
84,26
84,28
84,30
84,32
84,33
84,34
84,40
84,42
84,44
84,46
84,53
84,54
84,56
84,58
84,59
84,61
84,64
84,65
84,67
84,68
84,69
84,71
84,73
84,75
84,77
84,82
84,84
84,85
84,86
84,88
84,90
84,92
84,94
84,98
85,0
85,3
85,4
85,5
85,6
85,7
85,9
85,11
85,12
85,14
85,15
85,16
85,19
85,26
85,28
85,30
85,32
85,33
85,34
85,40
85,42
85,44
85,46
85,53
85,54
85,56
85,58
85,59
85,61
85,64
85,65
85,67
85,68
85,69
85,71
85,73
85,75
85,77
85,82
85,84
85,85
85,86
85,88
85,90
85,92
85,94
85,98
86,0
86,3
86,4
86,5
86,6
86,7
86,9
86,11
86,12
86,14
86,15
86,16
86,19
86,26
86,28
86,30
86,32
86,33
86,34
86,40
86,42
86,44
86,46
86,53
86,54
86,56
86,58
86,59
86,61
86,64
86,65
86,67
86,68
86,69
86,71
86,73
86,75
86,77
86,82
86,84
86,85
86,86
86,88
86,90
86,92
86,94
86,98
87,0
87,3
87,4
87,5
87,6
87,7
87,9
87,11
87,12
87,14
87,15
87,16
87,19
87,26
87,28
87,30
87,32
87,33
87,34
87,40
87,42
87,44
87,46
87,53
87,54
87,56
87,58
87,59
87,61
87,64
87,65
87,67
87,68
87,69
87,71
87,73
87,75
87,77
87,82
87,84
87,85
87,86
87,88
87,90
87,92
87,94
87,98
88,39
89,0
89,3
89,4
89,5
89,6
89,7
89,9
89,11
89,12
89,14
89,15
89,16
89,19
89,26
89,28
89,30
89,32
89,33
89,34
89,40
89,42
89,44
89,46
89,53
89,54
89,56
89,58
89,59
89,61
89,64
89,65
89,67
89,68
89,69
89,71
89,73
89,75
89,77
89,82
89,84
89,85
89,86
89,88
89,90
89,92
89,94
89,98
90,0
90,3
90,4
90,5
90,6
90,7
90,9
90,11
90,12
90,14
90,15
90,16
90,19
90,26
90,28
90,30
90,32
90,33
90,34
90,40
90,42
90,44
90,46
90,53
90,54
90,56
90,58
90,59
90,61
90,64
90,65
90,67
90,68
90,69
90,71
90,73
90,75
90,77
90,82
90,84
90,85
90,86
90,88
90,90
90,92
90,94
90,98
91,0
91,3
91,4
91,5
91,6
91,7
91,9
91,11
91,12
91,14
91,15
91,16
91,19
91,26
91,28
91,30
91,32
91,33
91,34
91,40
91,42
91,44
91,46
91,53
91,54
91,56
91,58
91,59
91,61
91,64
91,65
91,67
91,68
91,69
91,71
91,73
91,75
91,77
91,82
91,84
91,85
91,86
91,88
91,90
91,92
91,94
91,98
93,0
93,3
93,4
93,5
93,6
93,7
93,9
93,11
93,12
93,14
93,15
93,16
93,19
93,26
93,28
93,30
93,32
93,33
93,34
93,40
93,42
93,44
93,46
93,53
93,54
93,56
93,58
93,59
93,61
93,64
93,65
93,67
93,68
93,69
93,71
93,73
93,75
93,77
93,82
93,84
93,85
93,86
93,88
93,90
93,92
93,94
93,98
94,0
94,3
94,4
94,5
94,6
94,7
94,9
94,11
94,12
94,14
94,15
94,16
94,19
94,26
94,28
94,30
94,32
94,33
94,34
94,40
94,42
94,44
94,46
94,53
94,54
94,56
94,58
94,59
94,61
94,64
94,65
94,67
94,68
94,69
94,71
94,73
94,75
94,77
94,82
94,84
94,85
94,86
94,88
94,90
94,92
94,94
94,98
95,0
95,3
95,4
95,5
95,6
95,7
95,9
95,11
95,12
95,14
95,15
95,16
95,19
95,26
95,28
95,30
95,32
95,33
95,34
95,40
95,42
95,44
95,46
95,53
95,54
95,56
95,58
95,59
95,61
95,64
95,65
95,67
95,68
95,69
95,71
95,73
95,75
95,77
95,82
95,84
95,85
95,86
95,88
95,90
95,92
95,94
95,98
96,0
96,3
96,4
96,5
96,6
96,7
96,9
96,11
96,12
96,14
96,15
96,16
96,19
96,26
96,28
96,30
96,32
96,33
96,34
96,40
96,42
96,44
96,46
96,53
96,54
96,56
96,58
96,59
96,61
96,64
96,65
96,66
96,67
96,68
96,69
96,71
96,73
96,75
96,77
96,82
96,84
96,85
96,86
96,88
96,90
96,92
96,94
96,98
97,0
97,3
97,4
97,5
97,6
97,7
97,9
97,11
97,12
97,14
97,15
97,16
97,19
97,26
97,28
97,30
97,32
97,33
97,34
97,40
97,42
97,44
97,46
97,53
97,54
97,56
97,58
97,59
97,61
97,64
97,65
97,67
97,68
97,69
97,71
97,73
97,75
97,77
97,82
97,84
97,85
97,86
97,88
97,90
97,92
97,94
97,98
99,0
99,3
99,4
99,5
99,6
99,7
99,9
99,11
99,12
99,14
99,15
99,16
99,19
99,26
99,28
99,30
99,32
99,33
99,34
99,40
99,42
99,44
99,46
99,53
99,54
99,56
99,58
99,59
99,61
99,64
99,65
99,67
99,68
99,69
99,71
99,73
99,75
99,77
99,82
99,84
99,85
99,86
99,88
99,90
99,92
99,94
99,98
