0,1
0,5
0,7
0,9
0,13
0,16
0,17
0,18
0,19
0,20
0,21
0,22
0,23
0,29
0,30
0,33
0,34
0,35
0,43
0,45
0,46
0,48
0,50
0,51
0,52
0,54
0,55
0,56
0,58
0,64
0,68
0,69
0,72
0,75
0,78
0,79
0,81
0,82
0,83
0,90
0,92
0,93
0,94
0,95
0,96
1,1
1,5
1,7
1,9
1,13
1,16
1,17
1,18
1,19
1,20
1,21
1,22
1,23
1,29
1,30
1,33
1,34
1,35
1,43
1,45
1,46
1,48
1,50
1,51
1,52
1,54
1,55
1,56
1,58
1,64
1,67
1,68
1,69
1,70
1,72
1,75
1,78
1,79
1,81
1,82
1,83
1,90
1,92
1,93
1,94
1,95
1,96
2,1
2,5
2,7
2,9
2,13
2,16
2,17
2,18
2,19
2,20
2,21
2,22
2,23
2,29
2,30
2,33
2,34
2,35
2,43
2,45
2,46
2,48
2,50
2,51
2,52
2,54
2,55
2,56
2,58
2,64
2,68
2,69
2,72
2,75
2,78
2,79
2,81
2,82
2,83
2,90
2,92
2,93
2,94
2,95
2,96
3,1
3,5
3,7
3,9
3,13
3,16
3,17
3,18
3,19
3,20
3,21
3,22
3,23
3,29
3,30
3,33
3,34
3,35
3,43
3,45
3,46
3,48
3,50
3,51
3,52
3,54
3,55
3,56
3,58
3,64
3,68
3,69
3,72
3,75
3,78
3,79
3,81
3,82
3,83
3,90
3,92
3,93
3,94
3,95
3,96
4,1
4,5
4,7
4,9
4,13
4,16
4,17
4,18
4,19
4,20
4,21
4,22
4,23
4,29
4,30
4,33
4,34
4,35
4,43
4,45
4,46
4,48
4,50
4,51
4,52
4,54
4,55
4,56
4,58
4,64
4,68
4,69
4,72
4,75
4,78
4,79
4,81
4,82
4,83
4,90
4,92
4,93
4,94
4,95
4,96
5,1
5,5
5,7
5,9
5,13
5,16
5,17
5,18
5,19
5,20
5,21
5,22
5,23
5,29
5,30
5,33
5,34
5,35
5,43
5,45
5,46
5,48
5,50
5,51
5,52
5,54
5,55
5,56
5,58
5,64
5,68
5,69
5,72
5,75
5,78
5,79
5,81
5,82
5,83
5,90
5,92
5,93
5,94
5,95
5,96
7,1
7,5
7,7
7,9
7,13
7,16
7,17
7,18
7,19
7,20
7,21
7,22
7,23
7,29
7,30
7,33
7,34
7,35
7,43
7,45
7,46
7,48
7,50
7,51
7,52
7,54
7,55
7,56
7,58
7,64
7,68
7,69
7,72
7,75
7,78
7,79
7,81
7,82
7,83
7,90
7,92
7,93
7,94
7,95
7,96
8,1
8,5
8,7
8,9
8,13
8,16
8,17
8,18
8,19
8,20
8,21
8,22
8,23
8,29
8,30
8,33
8,34
8,35
8,43
8,45
8,46
8,48
8,50
8,51
8,52
8,54
8,55
8,56
8,58
8,64
8,68
8,69
8,72
8,75
8,78
8,79
8,81
8,82
8,83
8,90
8,92
8,93
8,94
8,95
8,96
9,1
9,5
9,7
9,9
9,13
9,16
9,17
9,18
9,19
9,20
9,21
9,22
9,23
9,29
9,30
9,33
9,34
9,35
9,43
9,45
9,46
9,48
9,50
9,51
9,52
9,54
9,55
9,56
9,58
9,64
9,68
9,69
9,72
9,75
9,78
9,79
9,81
9,82
9,83
9,90
9,92
9,93
9,94
9,95
9,96
10,1
10,5
10,7
10,9
10,13
10,16
10,17
10,18
10,19
10,20
10,21
10,22
10,23
10,29
10,30
10,33
10,34
10,35
10,43
10,45
10,46
10,48
10,50
10,51
10,52
10,54
10,55
10,56
10,58
10,64
10,68
10,69
10,72
10,75
10,78
10,79
10,81
10,82
10,83
10,90
10,92
10,93
10,94
10,95
10,96
11,1
11,5
11,7
11,9
11,13
11,16
11,17
11,18
11,19
11,20
11,21
11,22
11,23
11,29
11,30
11,33
11,34
11,35
11,43
11,45
11,46
11,48
11,50
11,51
11,52
11,54
11,55
11,56
11,58
11,64
11,68
11,69
11,72
11,75
11,78
11,79
11,81
11,82
11,83
11,90
11,92
11,93
11,94
11,95
11,96
12,1
12,5
12,7
12,9
12,13
12,16
12,17
12,18
12,19
12,20
12,21
12,22
12,23
12,29
12,30
12,33
12,34
12,35
12,43
12,45
12,46
12,48
12,50
12,51
12,52
12,54
12,55
12,56
12,58
12,64
12,68
12,69
12,72
12,75
12,78
12,79
12,81
12,82
12,83
12,90
12,92
12,93
12,94
12,95
12,96
13,1
13,5
13,7
13,9
13,13
13,16
13,17
13,18
13,19
13,20
13,21
13,22
13,23
13,29
13,30
13,33
13,34
13,35
13,40
13,43
13,45
13,46
13,48
13,50
13,51
13,52
13,54
13,55
13,56
13,58
13,64
13,68
13,69
13,72
13,75
13,78
13,79
13,81
13,82
13,83
13,90
13,92
13,93
13,94
13,95
13,96
14,1
14,5
14,7
14,9
14,13
14,16
14,17
14,18
14,19
14,20
14,21
14,22
14,23
14,29
14,30
14,33
14,34
14,35
14,43
14,45
14,46
14,48
14,50
14,51
14,52
14,54
14,55
14,56
14,58
14,64
14,68
14,69
14,72
14,75
14,78
14,79
14,81
14,82
14,83
14,90
14,92
14,93
14,94
14,95
14,96
15,1
15,5
15,7
15,9
15,13
15,16
15,17
15,18
15,19
15,20
15,21
15,22
15,23
15,29
15,30
15,33
15,34
15,35
15,43
15,45
15,46
15,48
15,50
15,51
15,52
15,54
15,55
15,56
15,58
15,64
15,68
15,69
15,72
15,75
15,78
15,79
15,81
15,82
15,83
15,90
15,92
15,93
15,94
15,95
15,96
16,1
16,5
16,7
16,9
16,13
16,16
16,17
16,18
16,19
16,20
16,21
16,22
16,23
16,29
16,30
16,33
16,34
16,35
16,43
16,45
16,46
16,48
16,50
16,51
16,52
16,54
16,55
16,56
16,58
16,64
16,68
16,69
16,72
16,75
16,78
16,79
16,81
16,82
16,83
16,90
16,92
16,93
16,94
16,95
16,96
17,1
17,5
17,7
17,9
17,13
17,14
17,16
17,17
17,18
17,19
17,20
17,21
17,22
17,23
17,29
17,30
17,33
17,34
17,35
17,43
17,45
17,46
17,48
17,50
17,51
17,52
17,54
17,55
17,56
17,58
17,64
17,68
17,69
17,70
17,72
17,75
17,78
17,79
17,81
17,82
17,83
17,90
17,92
17,93
17,94
17,95
17,96
18,1
18,5
18,7
18,9
18,13
18,16
18,17
18,18
18,19
18,20
18,21
18,22
18,23
18,29
18,30
18,33
18,34
18,35
18,43
18,45
18,46
18,48
18,50
18,51
18,52
18,54
18,55
18,56
18,58
18,60
18,64
18,68
18,69
18,72
18,75
18,78
18,79
18,81
18,82
18,83
18,90
18,92
18,93
18,94
18,95
18,96
19,1
19,5
19,7
19,9
19,13
19,16
19,17
19,18
19,19
19,20
19,21
19,22
19,23
19,29
19,30
19,33
19,34
19,35
19,43
19,45
19,46
19,48
19,50
19,51
19,52
19,54
19,55
19,56
19,58
19,64
19,68
19,69
19,72
19,75
19,78
19,79
19,81
19,82
19,83
19,90
19,92
19,93
19,94
19,95
19,96
20,1
20,5
20,7
20,9
20,13
20,16
20,17
20,18
20,19
20,20
20,21
20,22
20,23
20,29
20,30
20,33
20,34
20,35
20,43
20,45
20,46
20,48
20,50
20,51
20,52
20,54
20,55
20,56
20,58
20,64
20,68
20,69
20,72
20,75
20,78
20,79
20,81
20,82
20,83
20,90
20,92
20,93
20,94
20,95
20,96
21,51
21,92
22,1
22,5
22,7
22,9
22,13
22,16
22,17
22,18
22,19
22,20
22,21
22,22
22,23
22,29
22,30
22,33
22,34
22,35
22,43
22,45
22,46
22,48
22,50
22,51
22,52
22,54
22,55
22,56
22,58
22,64
22,68
22,69
22,72
22,75
22,78
22,79
22,81
22,82
22,83
22,90
22,92
22,93
22,94
22,95
22,96
23,1
23,5
23,7
23,9
23,13
23,16
23,17
23,18
23,19
23,20
23,21
23,22
23,23
23,29
23,30
23,33
23,34
23,35
23,43
23,45
23,46
23,48
23,50
23,51
23,52
23,54
23,55
23,56
23,58
23,64
23,68
23,69
23,72
23,75
23,78
23,79
23,81
23,82
23,83
23,90
23,92
23,93
23,94
23,95
23,96
24,1
24,5
24,7
24,9
24,12
24,13
24,16
24,17
24,18
24,19
24,20
24,21
24,22
24,23
24,29
24,30
24,33
24,34
24,35
24,43
24,45
24,46
24,48
24,50
24,51
24,52
24,54
24,55
24,56
24,58
24,64
24,68
24,69
24,72
24,75
24,78
24,79
24,81
24,82
24,83
24,90
24,92
24,93
24,94
24,95
24,96
25,1
25,5
25,7
25,9
25,13
25,16
25,17
25,18
25,19
25,20
25,21
25,22
25,23
25,29
25,30
25,33
25,34
25,35
25,43
25,45
25,46
25,48
25,50
25,51
25,52
25,54
25,55
25,56
25,58
25,64
25,68
25,69
25,72
25,75
25,78
25,79
25,81
25,82
25,83
25,90
25,92
25,93
25,94
25,95
25,96
26,1
26,5
26,7
26,9
26,13
26,16
26,17
26,18
26,19
26,20
26,21
26,22
26,23
26,29
26,30
26,33
26,34
26,35
26,43
26,45
26,46
26,48
26,50
26,51
26,52
26,54
26,55
26,56
26,58
26,64
26,68
26,69
26,72
26,75
26,78
26,79
26,81
26,82
26,83
26,90
26,92
26,93
26,94
26,95
26,96
27,1
27,5
27,7
27,9
27,13
27,16
27,17
27,18
27,19
27,20
27,21
27,22
27,23
27,29
27,30
27,33
27,34
27,35
27,43
27,45
27,46
27,48
27,50
27,51
27,52
27,54
27,55
27,56
27,58
27,64
27,68
27,69
27,72
27,75
27,78
27,79
27,81
27,82
27,83
27,90
27,92
27,93
27,94
27,95
27,96
28,1
28,5
28,7
28,9
28,13
28,16
28,17
28,18
28,19
28,20
28,21
28,22
28,23
28,29
28,30
28,33
28,34
28,35
28,43
28,45
28,46
28,48
28,50
28,51
28,52
28,54
28,55
28,56
28,58
28,64
28,68
28,69
28,72
28,75
28,78
28,79
28,81
28,82
28,83
28,90
28,92
28,93
28,94
28,95
28,96
29,1
29,5
29,7
29,9
29,13
29,16
29,17
29,18
29,19
29,20
29,21
29,22
29,23
29,29
29,30
29,33
29,34
29,35
29,43
29,45
29,46
29,48
29,50
29,51
29,52
29,54
29,55
29,56
29,58
29,64
29,68
29,69
29,72
29,75
29,78
29,79
29,81
29,82
29,83
29,90
29,92
29,93
29,94
29,95
29,96
30,1
30,5
30,7
30,9
30,13
30,16
30,17
30,18
30,19
30,20
30,21
30,22
30,23
30,29
30,30
30,33
30,34
30,35
30,43
30,45
30,46
30,48
30,50
30,51
30,52
30,54
30,55
30,56
30,58
30,64
30,68
30,69
30,72
30,75
30,78
30,79
30,81
30,82
30,83
30,90
30,92
30,93
30,94
30,95
30,96
31,1
31,5
31,7
31,9
31,13
31,16
31,17
31,18
31,19
31,20
31,21
31,22
31,23
31,29
31,30
31,33
31,34
31,35
31,43
31,45
31,46
31,48
31,49
31,50
31,51
31,52
31,54
31,55
31,56
31,58
31,64
31,68
31,69
31,72
31,75
31,78
31,79
31,81
31,82
31,83
31,90
31,92
31,93
31,94
31,95
31,96
32,1
32,5
32,7
32,9
32,13
32,16
32,17
32,18
32,19
32,20
32,21
32,22
32,23
32,29
32,30
32,33
32,34
32,35
32,43
32,45
32,46
32,48
32,50
32,51
32,52
32,54
32,55
32,56
32,58
32,64
32,68
32,69
32,72
32,75
32,78
32,79
32,81
32,82
32,83
32,90
32,92
32,93
32,94
32,95
32,96
33,1
33,5
33,7
33,9
33,13
33,16
33,17
33,18
33,19
33,20
33,21
33,22
33,23
33,29
33,30
33,33
33,34
33,35
33,43
33,45
33,46
33,48
33,50
33,51
33,52
33,54
33,55
33,56
33,58
33,64
33,68
33,69
33,72
33,75
33,78
33,79
33,81
33,82
33,83
33,90
33,92
33,93
33,94
33,95
33,96
34,1
34,5
34,7
34,9
34,13
34,16
34,17
34,18
34,19
34,20
34,21
34,22
34,23
34,29
34,30
34,33
34,34
34,35
34,43
34,45
34,46
34,48
34,50
34,51
34,52
34,54
34,55
34,56
34,58
34,64
34,68
34,69
34,72
34,75
34,78
34,79
34,81
34,82
34,83
34,90
34,92
34,93
34,94
34,95
34,96
35,1
35,5
35,7
35,9
35,13
35,16
35,17
35,18
35,19
35,20
35,21
35,22
35,23
35,29
35,30
35,33
35,34
35,35
35,43
35,45
35,46
35,48
35,50
35,51
35,52
35,54
35,55
35,56
35,58
35,64
35,68
35,69
35,72
35,75
35,78
35,79
35,81
35,82
35,83
35,90
35,92
35,93
35,94
35,95
35,96
36,1
36,5
36,7
36,9
36,13
36,16
36,17
36,18
36,19
36,20
36,21
36,22
36,23
36,25
36,29
36,30
36,33
36,34
36,35
36,43
36,45
36,46
36,48
36,50
36,51
36,52
36,54
36,55
36,56
36,58
36,64
36,68
36,69
36,72
36,75
36,78
36,79
36,81
36,82
36,83
36,90
36,92
36,93
36,94
36,95
36,96
37,1
37,5
37,7
37,9
37,13
37,16
37,17
37,18
37,19
37,20
37,21
37,22
37,23
37,29
37,30
37,33
37,34
37,35
37,43
37,45
37,46
37,48
37,50
37,51
37,52
37,54
37,55
37,56
37,58
37,64
37,68
37,69
37,72
37,75
37,77
37,78
37,79
37,81
37,82
37,83
37,90
37,92
37,93
37,94
37,95
37,96
38,1
38,5
38,7
38,9
38,13
38,16
38,17
38,18
38,19
38,20
38,21
38,22
38,23
38,29
38,30
38,33
38,34
38,35
38,43
38,45
38,46
38,48
38,50
38,51
38,52
38,54
38,55
38,56
38,58
38,64
38,68
38,69
38,72
38,75
38,78
38,79
38,81
38,82
38,83
38,90
38,92
38,93
38,94
38,95
38,96
39,1
39,5
39,7
39,9
39,13
39,16
39,17
39,18
39,19
39,20
39,21
39,22
39,23
39,29
39,30
39,33
39,34
39,35
39,43
39,45
39,46
39,48
39,50
39,51
39,52
39,54
39,55
39,56
39,58
39,64
39,68
39,69
39,72
39,75
39,78
39,79
39,81
39,82
39,83
39,90
39,92
39,93
39,94
39,95
39,96
40,1
40,5
40,7
40,9
40,13
40,16
40,17
40,18
40,19
40,20
40,21
40,22
40,23
40,29
40,30
40,33
40,34
40,35
40,43
40,45
40,46
40,48
40,50
40,51
40,52
40,54
40,55
40,56
40,58
40,64
40,68
40,69
40,72
40,75
40,78
40,79
40,81
40,82
40,83
40,90
40,92
40,93
40,94
40,95
40,96
41,1
41,5
41,7
41,9
41,13
41,16
41,17
41,18
41,19
41,20
41,21
41,22
41,23
41,29
41,30
41,33
41,34
41,35
41,43
41,45
41,46
41,48
41,50
41,51
41,52
41,54
41,55
41,56
41,58
41,64
41,68
41,69
41,72
41,75
41,78
41,79
41,81
41,82
41,83
41,90
41,92
41,93
41,94
41,95
41,96
42,1
42,5
42,7
42,9
42,13
42,16
42,17
42,18
42,19
42,20
42,21
42,22
42,23
42,29
42,30
42,33
42,34
42,35
42,43
42,45
42,46
42,48
42,50
42,51
42,52
42,54
42,55
42,56
42,58
42,64
42,68
42,69
42,72
42,75
42,78
42,79
42,81
42,82
42,83
42,90
42,92
42,93
42,94
42,95
42,96
43,1
43,5
43,7
43,9
43,13
43,16
43,17
43,18
43,19
43,20
43,21
43,22
43,23
43,29
43,30
43,33
43,34
43,35
43,43
43,45
43,46
43,48
43,50
43,51
43,52
43,54
43,55
43,56
43,58
43,64
43,68
43,69
43,72
43,75
43,78
43,79
43,80
43,81
43,82
43,83
43,90
43,92
43,93
43,94
43,95
43,96
44,1
44,5
44,7
44,9
44,13
44,16
44,17
44,18
44,19
44,20
44,21
44,22
44,23
44,29
44,30
44,33
44,34
44,35
44,43
44,45
44,46
44,48
44,50
44,51
44,52
44,54
44,55
44,56
44,58
44,64
44,68
44,69
44,72
44,75
44,78
44,79
44,81
44,82
44,83
44,90
44,92
44,93
44,94
44,95
44,96
45,1
45,5
45,7
45,9
45,13
45,15
45,16
45,17
45,18
45,19
45,20
45,21
45,22
45,23
45,29
45,30
45,33
45,34
45,35
45,43
45,45
45,46
45,48
45,50
45,51
45,52
45,54
45,55
45,56
45,58
45,64
45,68
45,69
45,72
45,75
45,78
45,79
45,81
45,82
45,83
45,90
45,92
45,93
45,94
45,95
45,96
45,99
46,1
46,5
46,7
46,9
46,13
46,16
46,17
46,18
46,19
46,20
46,21
46,22
46,23
46,29
46,30
46,33
46,34
46,35
46,43
46,45
46,46
46,48
46,50
46,51
46,52
46,54
46,55
46,56
46,58
46,64
46,68
46,69
46,72
46,75
46,78
46,79
46,81
46,82
46,83
46,90
46,92
46,93
46,94
46,95
46,96
47,1
47,5
47,7
47,9
47,13
47,16
47,17
47,18
47,19
47,20
47,21
47,22
47,23
47,27
47,29
47,30
47,33
47,34
47,35
47,43
47,45
47,46
47,48
47,50
47,51
47,52
47,54
47,55
47,56
47,58
47,64
47,66
47,68
47,69
47,72
47,75
47,78
47,79
47,81
47,82
47,83
47,90
47,92
47,93
47,94
47,95
47,96
48,1
48,5
48,7
48,9
48,13
48,16
48,17
48,18
48,19
48,20
48,21
48,22
48,23
48,29
48,30
48,33
48,34
48,35
48,43
48,45
48,46
48,48
48,50
48,51
48,52
48,54
48,55
48,56
48,58
48,64
48,68
48,69
48,72
48,75
48,78
48,79
48,81
48,82
48,83
48,90
48,92
48,93
48,94
48,95
48,96
49,1
49,5
49,7
49,9
49,13
49,16
49,17
49,18
49,19
49,20
49,21
49,22
49,23
49,29
49,30
49,33
49,34
49,35
49,43
49,45
49,46
49,48
49,50
49,51
49,52
49,54
49,55
49,56
49,58
49,64
49,68
49,69
49,72
49,75
49,78
49,79
49,81
49,82
49,83
49,90
49,92
49,93
49,94
49,95
49,96
50,1
50,5
50,7
50,9
50,13
50,16
50,17
50,18
50,19
50,20
50,21
50,22
50,23
50,29
50,30
50,33
50,34
50,35
50,43
50,45
50,46
50,48
50,50
50,51
50,52
50,54
50,55
50,56
50,58
50,64
50,68
50,69
50,72
50,75
50,78
50,79
50,81
50,82
50,83
50,90
50,92
50,93
50,94
50,95
50,96
52,1
52,5
52,7
52,9
52,13
52,16
52,17
52,18
52,19
52,20
52,21
52,22
52,23
52,29
52,30
52,33
52,34
52,35
52,43
52,45
52,46
52,48
52,50
52,51
52,52
52,54
52,55
52,56
52,58
52,60
52,64
52,68
52,69
52,72
52,75
52,78
52,79
52,81
52,82
52,83
52,90
52,92
52,93
52,94
52,95
52,96
53,1
53,5
53,7
53,9
53,13
53,16
53,17
53,18
53,19
53,20
53,21
53,22
53,23
53,29
53,30
53,33
53,34
53,35
53,43
53,45
53,46
53,48
53,50
53,51
53,52
53,54
53,55
53,56
53,58
53,64
53,68
53,69
53,72
53,75
53,78
53,79
53,81
53,82
53,83
53,90
53,92
53,93
53,94
53,95
53,96
54,1
54,5
54,7
54,9
54,13
54,16
54,17
54,18
54,19
54,20
54,21
54,22
54,23
54,29
54,30
54,33
54,34
54,35
54,43
54,45
54,46
54,48
54,50
54,51
54,52
54,54
54,55
54,56
54,58
54,64
54,68
54,69
54,72
54,75
54,78
54,79
54,81
54,82
54,83
54,90
54,92
54,93
54,94
54,95
54,96
55,1
55,5
55,7
55,9
55,13
55,15
55,16
55,17
55,18
55,19
55,20
55,21
55,22
55,23
55,29
55,30
55,33
55,34
55,35
55,43
55,44
55,45
55,46
55,48
55,50
55,51
55,52
55,54
55,55
55,56
55,58
55,64
55,68
55,69
55,72
55,75
55,78
55,79
55,81
55,82
55,83
55,90
55,92
55,93
55,94
55,95
55,96
56,1
56,5
56,7
56,9
56,13
56,16
56,17
56,18
56,19
56,20
56,21
56,22
56,23
56,29
56,30
56,33
56,34
56,35
56,43
56,45
56,46
56,48
56,50
56,51
56,52
56,54
56,55
56,56
56,58
56,64
56,68
56,69
56,72
56,75
56,78
56,79
56,81
56,82
56,83
56,90
56,92
56,93
56,94
56,95
56,96
57,1
57,5
57,7
57,9
57,13
57,16
57,17
57,18
57,19
57,20
57,21
57,22
57,23
57,29
57,30
57,33
57,34
57,35
57,43
57,45
57,46
57,48
57,50
57,51
57,52
57,54
57,55
57,56
57,58
57,64
57,68
57,69
57,72
57,75
57,78
57,79
57,81
57,82
57,83
57,90
57,92
57,93
57,94
57,95
57,96
58,1
58,5
58,7
58,9
58,13
58,16
58,17
58,18
58,19
58,20
58,21
58,22
58,23
58,29
58,30
58,33
58,34
58,35
58,43
58,45
58,46
58,48
58,50
58,51
58,52
58,54
58,55
58,56
58,58
58,64
58,68
58,69
58,72
58,75
58,78
58,79
58,81
58,82
58,83
58,90
58,92
58,93
58,94
58,95
58,96
59,1
59,5
59,7
59,9
59,13
59,16
59,17
59,18
59,19
59,20
59,21
59,22
59,23
59,29
59,30
59,33
59,34
59,35
59,43
59,45
59,46
59,48
59,50
59,51
59,52
59,54
59,55
59,56
59,58
59,64
59,68
59,69
59,72
59,75
59,78
59,79
59,81
59,82
59,83
59,90
59,92
59,93
59,94
59,95
59,96
60,1
60,5
60,7
60,9
60,11
60,13
60,16
60,17
60,18
60,19
60,20
60,21
60,22
60,23
60,29
60,30
60,33
60,34
60,35
60,43
60,45
60,46
60,48
60,50
60,51
60,52
60,54
60,55
60,56
60,58
60,64
60,68
60,69
60,72
60,75
60,78
60,79
60,81
60,82
60,83
60,90
60,91
60,92
60,93
60,94
60,95
60,96
61,1
61,5
61,7
61,9
61,13
61,16
61,17
61,18
61,19
61,20
61,21
61,22
61,23
61,29
61,30
61,33
61,34
61,35
61,43
61,45
61,46
61,48
61,50
61,51
61,52
61,54
61,55
61,56
61,58
61,64
61,68
61,69
61,72
61,75
61,78
61,79
61,81
61,82
61,83
61,90
61,92
61,93
61,94
61,95
61,96
62,1
62,5
62,7
62,9
62,13
62,16
62,17
62,18
62,19
62,20
62,21
62,22
62,23
62,29
62,30
62,33
62,34
62,35
62,43
62,45
62,46
62,48
62,50
62,51
62,52
62,54
62,55
62,56
62,58
62,64
62,68
62,69
62,72
62,75
62,78
62,79
62,81
62,82
62,83
62,90
62,92
62,93
62,94
62,95
62,96
63,1
63,5
63,7
63,9
63,13
63,16
63,17
63,18
63,19
63,20
63,21
63,22
63,23
63,29
63,30
63,33
63,34
63,35
63,43
63,45
63,46
63,48
63,50
63,51
63,52
63,54
63,55
63,56
63,58
63,64
63,68
63,69
63,72
63,75
63,78
63,79
63,81
63,82
63,83
63,90
63,92
63,93
63,94
63,95
63,96
64,1
64,5
64,7
64,9
64,13
64,16
64,17
64,18
64,19
64,20
64,21
64,22
64,23
64,29
64,30
64,33
64,34
64,35
64,43
64,45
64,46
64,48
64,50
64,51
64,52
64,54
64,55
64,56
64,58
64,64
64,68
64,69
64,72
64,75
64,78
64,79
64,81
64,82
64,83
64,90
64,92
64,93
64,94
64,95
64,96
65,1
65,5
65,7
65,9
65,13
65,16
65,17
65,18
65,19
65,20
65,21
65,22
65,23
65,29
65,30
65,33
65,34
65,35
65,43
65,45
65,46
65,48
65,50
65,51
65,52
65,54
65,55
65,56
65,58
65,64
65,68
65,69
65,72
65,75
65,78
65,79
65,81
65,82
65,83
65,90
65,92
65,93
65,94
65,95
65,96
66,1
66,5
66,7
66,9
66,13
66,16
66,17
66,18
66,19
66,20
66,21
66,22
66,23
66,29
66,30
66,33
66,34
66,35
66,43
66,45
66,46
66,48
66,50
66,51
66,52
66,54
66,55
66,56
66,58
66,64
66,68
66,69
66,72
66,75
66,78
66,79
66,81
66,82
66,83
66,90
66,92
66,93
66,94
66,95
66,96
67,1
67,5
67,7
67,9
67,13
67,16
67,17
67,18
67,19
67,20
67,21
67,22
67,23
67,29
67,30
67,33
67,34
67,35
67,43
67,45
67,46
67,48
67,50
67,51
67,52
67,54
67,55
67,56
67,58
67,64
67,68
67,69
67,72
67,75
67,78
67,79
67,81
67,82
67,83
67,90
67,92
67,93
67,94
67,95
67,96
68,1
68,5
68,7
68,9
68,13
68,16
68,17
68,18
68,19
68,20
68,21
68,22
68,23
68,29
68,30
68,33
68,34
68,35
68,43
68,45
68,46
68,48
68,50
68,51
68,52
68,54
68,55
68,56
68,58
68,64
68,68
68,69
68,72
68,75
68,78
68,79
68,81
68,82
68,83
68,90
68,92
68,93
68,94
68,95
68,96
69,1
69,5
69,7
69,9
69,13
69,16
69,17
69,18
69,19
69,20
69,21
69,22
69,23
69,29
69,30
69,33
69,34
69,35
69,43
69,45
69,46
69,48
69,50
69,51
69,52
69,54
69,55
69,56
69,58
69,64
69,68
69,69
69,72
69,75
69,78
69,79
69,81
69,82
69,83
69,90
69,92
69,93
69,94
69,95
69,96
70,1
70,5
70,7
70,9
70,13
70,16
70,17
70,18
70,19
70,20
70,21
70,22
70,23
70,29
70,30
70,33
70,34
70,35
70,43
70,45
70,46
70,48
70,50
70,51
70,52
70,54
70,55
70,56
70,58
70,64
70,68
70,69
70,72
70,75
70,78
70,79
70,81
70,82
70,83
70,90
70,92
70,93
70,94
70,95
70,96
71,1
71,5
71,7
71,9
71,13
71,16
71,17
71,18
71,19
71,20
71,21
71,22
71,23
71,29
71,30
71,33
71,34
71,35
71,43
71,45
71,46
71,48
71,50
71,51
71,52
71,54
71,55
71,56
71,58
71,64
71,68
71,69
71,72
71,75
71,78
71,79
71,81
71,82
71,83
71,90
71,92
71,93
71,94
71,95
71,96
72,1
72,5
72,7
72,9
72,13
72,16
72,17
72,18
72,19
72,20
72,21
72,22
72,23
72,29
72,30
72,33
72,34
72,35
72,43
72,45
72,46
72,48
72,50
72,51
72,52
72,54
72,55
72,56
72,58
72,59
72,64
72,68
72,69
72,72
72,75
72,78
72,79
72,81
72,82
72,83
72,90
72,92
72,93
72,94
72,95
72,96
73,1
73,5
73,7
73,9
73,13
73,16
73,17
73,18
73,19
73,20
73,21
73,22
73,23
73,29
73,30
73,33
73,34
73,35
73,43
73,45
73,46
73,48
73,50
73,51
73,52
73,54
73,55
73,56
73,58
73,64
73,68
73,69
73,72
73,75
73,78
73,79
73,81
73,82
73,83
73,90
73,92
73,93
73,94
73,95
73,96
74,1
74,5
74,7
74,9
74,13
74,16
74,17
74,18
74,19
74,20
74,21
74,22
74,23
74,29
74,30
74,33
74,34
74,35
74,43
74,45
74,46
74,48
74,50
74,51
74,52
74,54
74,55
74,56
74,58
74,64
74,68
74,69
74,72
74,75
74,78
74,79
74,81
74,82
74,83
74,90
74,92
74,93
74,94
74,95
74,96
75,1
75,5
75,7
75,9
75,13
75,16
75,17
75,18
75,19
75,20
75,21
75,22
75,23
75,29
75,30
75,33
75,34
75,35
75,43
75,45
75,46
75,48
75,50
75,51
75,52
75,54
75,55
75,56
75,58
75,64
75,68
75,69
75,72
75,75
75,78
75,79
75,81
75,82
75,83
75,90
75,92
75,93
75,94
75,95
75,96
77,1
77,5
77,7
77,9
77,13
77,16
77,17
77,18
77,19
77,20
77,21
77,22
77,23
77,29
77,30
77,33
77,34
77,35
77,43
77,45
77,46
77,48
77,50
77,51
77,52
77,54
77,55
77,56
77,58
77,64
77,68
77,69
77,72
77,75
77,78
77,79
77,81
77,82
77,83
77,90
77,92
77,93
77,94
77,95
77,96
78,1
78,5
78,7
78,9
78,13
78,16
78,17
78,18
78,19
78,20
78,21
78,22
78,23
78,29
78,30
78,33
78,34
78,35
78,43
78,45
78,46
78,48
78,50
78,51
78,52
78,54
78,55
78,56
78,58
78,64
78,68
78,69
78,72
78,75
78,78
78,79
78,81
78,82
78,83
78,90
78,92
78,93
78,94
78,95
78,96
79,1
79,5
79,7
79,9
79,13
79,16
79,17
79,18
79,19
79,20
79,21
79,22
79,23
79,29
79,30
79,33
79,34
79,35
79,43
79,45
79,46
79,47
79,48
79,50
79,51
79,52
79,54
79,55
79,56
79,58
79,64
79,68
79,69
79,72
79,75
79,78
79,79
79,81
79,82
79,83
79,90
79,92
79,93
79,94
79,95
79,96
80,1
80,5
80,7
80,9
80,13
80,16
80,17
80,18
80,19
80,20
80,21
80,22
80,23
80,29
80,30
80,33
80,34
80,35
80,43
80,45
80,46
80,48
80,50
80,51
80,52
80,54
80,55
80,56
80,58
80,64
80,68
80,69
80,72
80,75
80,78
80,79
80,81
80,82
80,83
80,90
80,92
80,93
80,94
80,95
80,96
81,1
81,5
81,7
81,9
81,13
81,16
81,17
81,18
81,19
81,20
81,21
81,22
81,23
81,29
81,30
81,33
81,34
81,35
81,43
81,45
81,46
81,48
81,50
81,51
81,52
81,54
81,55
81,56
81,58
81,64
81,68
81,69
81,72
81,75
81,78
81,79
81,81
81,82
81,83
81,90
81,92
81,93
81,94
81,95
81,96
83,1
83,5
83,7
83,9
83,13
83,16
83,17
83,18
83,19
83,20
83,21
83,22
83,23
83,29
83,30
83,33
83,34
83,35
83,43
83,45
83,46
83,48
83,50
83,51
83,52
83,54
83,55
83,56
83,58
83,64
83,68
83,69
83,72
83,75
83,78
83,79
83,81
83,82
83,83
83,90
83,92
83,93
83,94
83,95
83,96
84,1
84,5
84,7
84,9
84,13
84,16
84,17
84,18
84,19
84,20
84,21
84,22
84,23
84,29
84,30
84,33
84,34
84,35
84,43
84,45
84,46
84,48
84,50
84,51
84,52
84,54
84,55
84,56
84,58
84,64
84,68
84,69
84,72
84,75
84,78
84,79
84,81
84,82
84,83
84,90
84,92
84,93
84,94
84,95
84,96
85,1
85,5
85,7
85,9
85,13
85,16
85,17
85,18
85,19
85,20
85,21
85,22
85,23
85,29
85,30
85,33
85,34
85,35
85,43
85,45
85,46
85,48
85,50
85,51
85,52
85,54
85,55
85,56
85,58
85,64
85,68
85,69
85,72
85,75
85,78
85,79
85,81
85,82
85,83
85,90
85,92
85,93
85,94
85,95
85,96
86,1
86,5
86,7
86,9
86,13
86,16
86,17
86,18
86,19
86,20
86,21
86,22
86,23
86,29
86,30
86,33
86,34
86,35
86,43
86,45
86,46
86,48
86,50
86,51
86,52
86,54
86,55
86,56
86,58
86,64
86,68
86,69
86,72
86,75
86,78
86,79
86,81
86,82
86,83
86,90
86,92
86,93
86,94
86,95
86,96
87,1
87,5
87,7
87,9
87,13
87,16
87,17
87,18
87,19
87,20
87,21
87,22
87,23
87,29
87,30
87,33
87,34
87,35
87,43
87,45
87,46
87,48
87,50
87,51
87,52
87,54
87,55
87,56
87,58
87,64
87,68
87,69
87,72
87,75
87,78
87,79
87,81
87,82
87,83
87,90
87,92
87,93
87,94
87,95
87,96
88,1
88,5
88,7
88,9
88,13
88,16
88,17
88,18
88,19
88,20
88,21
88,22
88,23
88,29
88,30
88,33
88,34
88,35
88,43
88,45
88,46
88,48
88,50
88,51
88,52
88,54
88,55
88,56
88,58
88,64
88,68
88,69
88,72
88,75
88,78
88,79
88,81
88,82
88,83
88,90
88,92
88,93
88,94
88,95
88,96
89,1
89,5
89,7
89,9
89,13
89,16
89,17
89,18
89,19
89,20
89,21
89,22
89,23
89,29
89,30
89,33
89,34
89,35
89,43
89,45
89,46
89,48
89,50
89,51
89,52
89,54
89,55
89,56
89,58
89,64
89,68
89,69
89,72
89,75
89,78
89,79
89,81
89,82
89,83
89,90
89,92
89,93
89,94
89,95
89,96
90,1
90,5
90,7
90,9
90,13
90,16
90,17
90,18
90,19
90,20
90,21
90,22
90,23
90,29
90,30
90,33
90,34
90,35
90,43
90,45
90,46
90,48
90,50
90,51
90,52
90,54
90,55
90,56
90,58
90,64
90,68
90,69
90,72
90,75
90,78
90,79
90,81
90,82
90,83
90,90
90,92
90,93
90,94
90,95
90,96
91,1
91,5
91,7
91,9
91,13
91,16
91,17
91,18
91,19
91,20
91,21
91,22
91,23
91,29
91,30
91,33
91,34
91,35
91,43
91,45
91,46
91,48
91,50
91,51
91,52
91,54
91,55
91,56
91,58
91,64
91,68
91,69
91,72
91,75
91,78
91,79
91,81
91,82
91,83
91,90
91,92
91,93
91,94
91,95
91,96
94,1
94,5
94,7
94,9
94,13
94,16
94,17
94,18
94,19
94,20
94,21
94,22
94,23
94,29
94,30
94,33
94,34
94,35
94,43
94,45
94,46
94,48
94,50
94,51
94,52
94,54
94,55
94,56
94,58
94,64
94,68
94,69
94,72
94,75
94,78
94,79
94,81
94,82
94,83
94,90
94,92
94,93
94,94
94,95
94,96
95,1
95,5
95,7
95,9
95,13
95,16
95,17
95,18
95,19
95,20
95,21
95,22
95,23
95,29
95,30
95,33
95,34
95,35
95,43
95,45
95,46
95,48
95,50
95,51
95,52
95,54
95,55
95,56
95,58
95,64
95,68
95,69
95,71
95,72
95,75
95,78
95,79
95,81
95,82
95,83
95,86
95,90
95,92
95,93
95,94
95,95
95,96
96,1
96,5
96,7
96,9
96,13
96,16
96,17
96,18
96,19
96,20
96,21
96,22
96,23
96,29
96,30
96,33
96,34
96,35
96,43
96,45
96,46
96,48
96,50
96,51
96,52
96,54
96,55
96,56
96,58
96,64
96,68
96,69
96,72
96,75
96,78
96,79
96,81
96,82
96,83
96,90
96,92
96,93
96,94
96,95
96,96
97,1
97,5
97,7
97,9
97,13
97,16
97,17
97,18
97,19
97,20
97,21
97,22
97,23
97,29
97,30
97,33
97,34
97,35
97,43
97,45
97,46
97,48
97,50
97,51
97,52
97,54
97,55
97,56
97,58
97,64
97,68
97,69
97,72
97,75
97,78
97,79
97,81
97,82
97,83
97,90
97,92
97,93
97,94
97,95
97,96
99,1
99,5
99,7
99,9
99,13
99,16
99,17
99,18
99,19
99,20
99,21
99,22
99,23
99,29
99,30
99,33
99,34
99,35
99,43
99,45
99,46
99,48
99,50
99,51
99,52
99,54
99,55
99,56
99,58
99,64
99,68
99,69
99,72
99,75
99,78
99,79
99,81
99,82
99,83
99,90
99,92
99,93
99,94
99,95
99,96
