0,46
0,64
0,79
1,13
1,20
1,35
1,43
1,52
1,67
1,70
1,77
1,82
1,83
1,93
1,96
2,34
3,1
3,5
3,7
3,11
3,13
3,14
3,15
3,18
3,20
3,22
3,23
3,25
3,34
3,40
3,43
3,44
3,45
3,46
3,49
3,52
3,59
3,64
3,68
3,70
3,77
3,79
3,82
3,83
3,91
3,93
3,96
4,93
5,1
5,5
5,7
5,11
5,13
5,14
5,15
5,18
5,20
5,22
5,23
5,25
5,34
5,40
5,43
5,44
5,45
5,46
5,49
5,52
5,59
5,64
5,68
5,70
5,77
5,79
5,82
5,83
5,91
5,93
5,96
7,1
7,5
7,7
7,11
7,13
7,14
7,15
7,18
7,20
7,22
7,23
7,25
7,29
7,34
7,40
7,43
7,44
7,45
7,46
7,49
7,52
7,59
7,64
7,68
7,70
7,77
7,79
7,82
7,83
7,90
7,91
7,93
7,96
9,1
9,5
9,7
9,9
9,11
9,12
9,13
9,14
9,15
9,16
9,17
9,18
9,20
9,22
9,23
9,25
9,34
9,40
9,43
9,44
9,45
9,46
9,49
9,51
9,52
9,56
9,59
9,64
9,68
9,69
9,70
9,71
9,72
9,77
9,79
9,82
9,83
9,86
9,91
9,93
9,96
10,43
11,9
11,72
12,54
12,78
13,1
13,5
13,7
13,11
13,13
13,14
13,15
13,18
13,20
13,22
13,23
13,25
13,34
13,40
13,43
13,44
13,45
13,46
13,49
13,52
13,59
13,64
13,68
13,70
13,77
13,79
13,82
13,83
13,91
13,93
13,96
14,13
14,14
14,17
14,23
14,33
14,45
14,58
14,70
14,93
16,1
16,5
16,7
16,11
16,13
16,14
16,15
16,18
16,20
16,22
16,23
16,25
16,34
16,40
16,43
16,44
16,45
16,46
16,49
16,52
16,59
16,64
16,68
16,70
16,77
16,79
16,82
16,83
16,91
16,93
16,96
17,14
17,70
18,1
18,5
18,7
18,11
18,13
18,14
18,15
18,18
18,20
18,22
18,23
18,25
18,34
18,40
18,43
18,44
18,45
18,46
18,49
18,52
18,59
18,64
18,68
18,70
18,77
18,79
18,82
18,83
18,91
18,93
18,96
20,1
20,5
20,7
20,11
20,13
20,14
20,15
20,18
20,20
20,22
20,23
20,25
20,34
20,40
20,43
20,44
20,45
20,46
20,49
20,52
20,59
20,64
20,68
20,70
20,77
20,79
20,82
20,83
20,91
20,93
20,96
21,51
21,92
23,13
23,20
23,52
23,77
23,82
23,83
23,93
23,96
24,12
24,51
25,14
25,70
27,51
29,13
29,20
29,77
29,93
31,49
32,12
32,16
32,51
32,64
32,69
32,71
32,72
32,79
32,86
33,43
34,48
34,50
34,94
35,1
35,5
35,7
35,11
35,13
35,14
35,15
35,18
35,20
35,22
35,23
35,25
35,34
35,40
35,43
35,44
35,45
35,46
35,49
35,52
35,59
35,64
35,68
35,70
35,77
35,79
35,82
35,83
35,91
35,93
35,96
36,25
36,68
37,77
37,93
39,52
40,1
40,5
40,7
40,11
40,13
40,14
40,15
40,18
40,20
40,22
40,23
40,25
40,34
40,40
40,43
40,44
40,45
40,46
40,49
40,52
40,59
40,64
40,68
40,70
40,77
40,79
40,82
40,83
40,91
40,93
40,96
42,12
42,16
42,51
42,64
42,69
42,71
42,79
42,86
43,80
44,21
44,55
44,64
45,15
45,21
45,51
45,55
45,64
45,99
46,13
46,20
46,43
46,46
46,52
46,77
46,82
46,83
46,93
46,96
47,12
47,16
47,27
47,34
47,51
47,64
47,66
47,69
47,71
47,79
47,86
48,13
48,20
48,43
48,52
48,77
48,82
48,83
48,93
48,96
49,95
50,1
50,5
50,7
50,11
50,13
50,14
50,15
50,18
50,20
50,22
50,23
50,25
50,34
50,40
50,43
50,44
50,45
50,46
50,49
50,52
50,59
50,64
50,68
50,70
50,77
50,79
50,82
50,83
50,91
50,93
50,96
52,60
53,52
53,82
53,83
54,1
54,5
54,7
54,11
54,13
54,14
54,15
54,18
54,20
54,22
54,23
54,25
54,34
54,40
54,43
54,44
54,45
54,46
54,49
54,52
54,59
54,64
54,68
54,70
54,77
54,79
54,82
54,83
54,91
54,93
54,96
55,1
55,5
55,7
55,11
55,13
55,14
55,15
55,18
55,20
55,22
55,23
55,25
55,34
55,40
55,43
55,44
55,45
55,46
55,49
55,52
55,59
55,64
55,68
55,70
55,77
55,79
55,82
55,83
55,91
55,93
55,96
57,12
57,51
59,9
59,25
59,68
59,96
60,1
60,5
60,7
60,11
60,13
60,14
60,15
60,18
60,20
60,22
60,23
60,25
60,34
60,40
60,43
60,44
60,45
60,46
60,49
60,52
60,59
60,64
60,68
60,70
60,77
60,79
60,82
60,83
60,91
60,93
60,96
62,1
62,5
62,7
62,11
62,13
62,14
62,15
62,18
62,20
62,22
62,23
62,25
62,34
62,40
62,43
62,44
62,45
62,46
62,49
62,52
62,59
62,64
62,68
62,70
62,77
62,79
62,82
62,83
62,91
62,93
62,96
63,13
63,18
63,20
63,52
63,77
63,79
63,82
63,83
63,93
63,96
64,13
64,15
64,19
64,20
64,21
64,35
64,43
64,51
64,52
64,55
64,64
64,67
64,70
64,77
64,82
64,83
64,93
64,96
64,99
65,64
65,69
66,34
67,46
68,1
68,5
68,7
68,11
68,13
68,14
68,15
68,18
68,20
68,22
68,23
68,25
68,34
68,40
68,43
68,44
68,45
68,46
68,49
68,52
68,59
68,64
68,68
68,70
68,77
68,79
68,82
68,83
68,90
68,91
68,92
68,93
68,96
69,1
69,5
69,7
69,11
69,13
69,14
69,15
69,18
69,20
69,22
69,23
69,25
69,34
69,40
69,43
69,44
69,45
69,46
69,49
69,52
69,59
69,64
69,68
69,70
69,77
69,79
69,82
69,83
69,91
69,93
69,96
70,1
70,5
70,7
70,11
70,13
70,14
70,15
70,18
70,20
70,22
70,23
70,25
70,34
70,40
70,43
70,44
70,45
70,46
70,49
70,52
70,59
70,64
70,68
70,70
70,77
70,79
70,82
70,83
70,91
70,93
70,96
71,23
71,45
72,1
72,5
72,7
72,11
72,13
72,14
72,15
72,18
72,20
72,22
72,23
72,25
72,34
72,40
72,43
72,44
72,45
72,46
72,49
72,52
72,59
72,64
72,68
72,70
72,77
72,79
72,82
72,83
72,91
72,93
72,96
73,12
73,16
73,27
73,29
73,34
73,51
73,64
73,66
73,69
73,71
73,79
73,86
75,1
75,5
75,7
75,11
75,13
75,14
75,15
75,18
75,20
75,22
75,23
75,25
75,34
75,40
75,43
75,44
75,45
75,46
75,49
75,52
75,59
75,64
75,68
75,70
75,77
75,79
75,82
75,83
75,91
75,93
75,96
77,23
77,45
78,43
78,46
79,1
79,5
79,7
79,11
79,13
79,14
79,15
79,18
79,20
79,22
79,23
79,25
79,34
79,40
79,43
79,44
79,45
79,46
79,47
79,49
79,52
79,59
79,64
79,68
79,70
79,77
79,79
79,82
79,83
79,91
79,93
79,96
80,30
80,35
80,75
82,1
82,5
82,7
82,11
82,13
82,14
82,15
82,18
82,20
82,22
82,23
82,25
82,34
82,40
82,43
82,44
82,45
82,46
82,49
82,52
82,59
82,64
82,68
82,70
82,77
82,79
82,82
82,83
82,91
82,93
82,96
84,43
84,46
85,1
85,5
85,7
85,11
85,13
85,14
85,15
85,18
85,20
85,22
85,23
85,25
85,34
85,40
85,43
85,44
85,45
85,46
85,49
85,52
85,59
85,64
85,68
85,70
85,77
85,79
85,82
85,83
85,91
85,93
85,96
86,1
86,5
86,7
86,11
86,13
86,14
86,15
86,18
86,20
86,22
86,23
86,25
86,34
86,40
86,43
86,44
86,45
86,46
86,49
86,52
86,59
86,64
86,68
86,70
86,77
86,79
86,82
86,83
86,91
86,93
86,96
87,46
87,64
87,79
88,81
89,1
89,5
89,7
89,11
89,13
89,14
89,15
89,18
89,20
89,22
89,23
89,25
89,34
89,40
89,43
89,44
89,45
89,46
89,49
89,52
89,59
89,64
89,68
89,70
89,77
89,79
89,82
89,83
89,91
89,93
89,96
91,1
91,5
91,7
91,9
91,11
91,13
91,14
91,15
91,17
91,18
91,20
91,22
91,23
91,25
91,34
91,40
91,43
91,44
91,45
91,46
91,49
91,52
91,59
91,64
91,68
91,70
91,77
91,79
91,82
91,83
91,91
91,93
91,96
93,1
93,5
93,7
93,11
93,13
93,14
93,15
93,18
93,20
93,22
93,23
93,25
93,34
93,40
93,43
93,44
93,45
93,46
93,49
93,52
93,59
93,64
93,68
93,70
93,77
93,79
93,82
93,83
93,91
93,93
93,96
94,1
94,5
94,7
94,11
94,13
94,14
94,15
94,18
94,20
94,22
94,23
94,25
94,34
94,40
94,43
94,44
94,45
94,46
94,49
94,52
94,59
94,64
94,68
94,70
94,77
94,79
94,82
94,83
94,91
94,93
94,96
95,64
95,69
95,71
95,86
96,1
96,5
96,7
96,11
96,13
96,14
96,15
96,18
96,20
96,22
96,23
96,25
96,29
96,34
96,40
96,43
96,44
96,45
96,46
96,49
96,52
96,59
96,64
96,68
96,70
96,77
96,79
96,82
96,83
96,91
96,93
96,96
97,1
97,5
97,7
97,11
97,13
97,14
97,15
97,18
97,20
97,22
97,23
97,25
97,34
97,40
97,43
97,44
97,45
97,46
97,49
97,52
97,59
97,64
97,68
97,70
97,77
97,79
97,82
97,83
97,91
97,93
97,96
99,1
99,5
99,7
99,11
99,13
99,14
99,15
99,18
99,20
99,22
99,23
99,25
99,34
99,40
99,43
99,44
99,45
99,46
99,49
99,52
99,59
99,64
99,68
99,70
99,77
99,79
99,82
99,83
99,91
99,93
99,96
