3 94
46 48
14 71
85 89
20 18
14 25
92 51
55 60
44 83
35 93
7 96
5 23
96 70
70 3
28 19
5 18
47 42
48 39
13 50
73 47
45 44
23 29
63 98
97 99
18 97
82 62
73 51
63 6
39 30
50 72
42 95
9 32
96 90
17 19
5 46
66 38
46 84
94 82
20 89
2 8
79 72
62 16
47 22
29 37
97 69
26 90
32 42
71 77
64 45
62 39
99 82
79 94
23 53
91 54
86 86
93 31
95 65
24 27
59 36
20 69
9 91
85 39
82 55
2 66
47 90
49 56
86 40
75 5
25 17
72 75
24 27
89 94
9 56
60 50
64 1
93 13
0 67
60 70
87 0
40 72
16 93
48 23
57 24
1 48
47 47
51 98
82 77
69 97
99 36
68 17
47 2
43 98
54 85
42 24
68 82
63 23
69 25
36 83
5 0
84 78
