0,4,1,5,1977
0,8,1,2,1977
0,27,1,4,1977
0,47,1,2,1977
0,48,1,3,1977
2,29,7,1,1980
4,5,21,9,2007
4,6,41,6,1973
4,8,0,4,2008
4,9,21,9,2007
4,10,5,9,1971
4,11,21,9,2007
4,12,21,9,2007
4,15,33,2,1970
4,16,22,4,1981
4,18,26,12,1989
4,19,10,8,1963
4,20,21,9,2007
4,22,22,4,1981
4,24,21,9,2007
4,25,21,9,2007
4,27,48,2,2004
4,28,21,9,2007
4,30,21,9,2007
4,31,40,8,1965
4,32,10,8,1963
4,33,3,2,1968
4,34,22,4,1981
4,35,3,1,1968
4,38,10,8,1963
4,39,18,11,2000
4,41,19,7,1977
4,42,18,11,2000
4,43,33,2,1970
4,47,0,4,2008
4,48,47,3,1983
5,6,21,4,2007
5,9,21,3,2007
5,10,30,2,1968
5,11,20,2,2000
5,12,20,2,2000
5,15,21,8,2007
5,16,30,2,1968
5,18,26,3,1989
5,19,30,3,1968
5,20,30,2,1968
5,22,21,5,2007
5,24,30,1,1968
5,25,20,2,2000
5,28,21,3,2007
5,30,18,2,2000
5,31,21,3,2007
5,32,30,3,1968
5,33,21,7,2007
5,34,30,3,1968
5,35,21,6,2007
5,38,30,2,1968
5,39,18,2,2000
5,41,21,3,2007
5,42,18,2,2000
5,43,21,8,2007
6,9,21,4,2007
6,10,5,4,1971
6,11,21,4,2007
6,12,21,4,2007
6,15,41,5,1973
6,16,41,3,1973
6,18,26,7,1989
6,19,10,3,1963
6,20,21,4,2007
6,22,41,2,1973
6,24,21,4,2007
6,25,21,4,2007
6,28,21,4,2007
6,30,21,4,2007
6,31,40,3,1965
6,32,10,3,1963
6,33,41,4,1973
6,34,5,4,1971
6,35,41,3,1973
6,38,10,3,1963
6,39,18,6,2000
6,41,19,2,1977
6,42,18,6,2000
6,43,41,5,1973
8,27,0,3,2008
8,47,0,1,2008
8,48,0,2,2008
9,10,21,4,2007
9,11,21,2,2007
9,12,21,2,2007
9,15,21,8,2007
9,16,21,4,2007
9,19,21,5,2007
9,20,21,1,2007
9,22,21,5,2007
9,24,21,3,2007
9,25,21,3,2007
9,28,21,1,2007
9,30,21,2,2007
9,31,21,2,2007
9,32,21,5,2007
9,33,21,7,2007
9,34,21,5,2007
9,35,21,6,2007
9,38,21,4,2007
9,41,21,3,2007
9,43,21,8,2007
10,11,30,3,1968
10,12,20,3,2000
10,15,5,8,1971
10,16,5,1,1971
10,18,26,4,1989
10,19,5,2,1971
10,20,30,2,1968
10,22,5,5,1971
10,24,30,2,1968
10,25,20,3,2000
10,28,21,4,2007
10,30,30,3,1968
10,31,21,4,2007
10,32,5,2,1971
10,33,5,7,1971
10,34,5,2,1971
10,35,5,6,1971
10,38,5,1,1971
10,39,18,3,2000
10,41,5,3,1971
10,42,18,3,2000
10,43,5,8,1971
11,12,20,2,2000
11,15,21,8,2007
11,16,30,3,1968
11,18,26,5,1989
11,19,30,3,1968
11,20,46,2,1973
11,22,21,5,2007
11,24,20,2,2000
11,25,20,2,2000
11,28,21,2,2007
11,30,20,1,2000
11,31,21,2,2007
11,32,30,3,1968
11,33,21,7,2007
11,34,30,3,1968
11,35,21,6,2007
11,38,30,3,1968
11,39,18,4,2000
11,41,21,3,2007
11,42,18,4,2000
11,43,21,8,2007
12,15,21,8,2007
12,16,20,3,2000
12,18,26,6,1989
12,19,30,4,1968
12,20,21,2,2007
12,22,21,5,2007
12,24,20,2,2000
12,25,11,1,1994
12,28,21,2,2007
12,30,20,2,2000
12,31,21,2,2007
12,32,30,4,1968
12,33,21,7,2007
12,34,30,4,1968
12,35,21,6,2007
12,38,20,3,2000
12,39,18,5,2000
12,41,21,3,2007
12,42,18,5,2000
12,43,21,8,2007
15,16,22,3,1981
15,18,26,11,1989
15,19,10,7,1963
15,20,21,8,2007
15,22,22,3,1981
15,24,21,8,2007
15,25,21,8,2007
15,28,21,8,2007
15,30,21,8,2007
15,31,40,7,1965
15,32,10,7,1963
15,33,35,2,1969
15,34,22,3,1981
15,35,3,3,1968
15,38,10,7,1963
15,39,18,10,2000
15,41,19,6,1977
15,42,18,10,2000
15,43,33,1,1970
16,18,26,4,1989
16,19,5,2,1971
16,20,30,2,1968
16,22,22,1,1981
16,24,30,2,1968
16,25,20,3,2000
16,28,21,4,2007
16,30,30,3,1968
16,31,21,4,2007
16,32,5,2,1971
16,33,22,2,1981
16,34,5,2,1971
16,35,22,1,1981
16,38,5,1,1971
16,39,18,3,2000
16,41,5,3,1971
16,42,18,3,2000
16,43,22,3,1981
18,19,26,5,1989
18,20,26,4,1989
18,22,26,8,1989
18,24,26,3,1989
18,25,26,6,1989
18,30,26,2,1989
18,32,26,5,1989
18,33,26,10,1989
18,34,26,5,1989
18,35,26,9,1989
18,38,26,4,1989
18,39,26,3,1989
18,41,26,6,1989
18,42,26,2,1989
18,43,26,11,1989
19,20,30,3,1968
19,22,10,4,1963
19,24,30,3,1968
19,25,30,4,1968
19,28,21,5,2007
19,30,30,3,1968
19,31,21,5,2007
19,32,10,2,1963
19,33,10,6,1963
19,34,5,2,1971
19,35,10,5,1963
19,38,10,1,1963
19,39,18,4,2000
19,41,10,2,1963
19,42,18,4,2000
19,43,10,7,1963
20,22,21,5,2007
20,24,30,2,1968
20,25,46,3,1973
20,28,21,1,2007
20,30,46,2,1973
20,31,21,2,2007
20,32,30,3,1968
20,33,21,7,2007
20,34,30,3,1968
20,35,21,6,2007
20,38,30,2,1968
20,39,18,3,2000
20,41,21,3,2007
20,42,18,3,2000
20,43,21,8,2007
22,24,21,5,2007
22,25,21,5,2007
22,28,21,5,2007
22,30,21,5,2007
22,31,40,4,1965
22,32,10,4,1963
22,33,22,2,1981
22,34,22,2,1981
22,35,22,1,1981
22,38,10,4,1963
22,39,18,7,2000
22,41,19,3,1977
22,42,18,7,2000
22,43,22,3,1981
24,25,20,2,2000
24,28,21,3,2007
24,30,18,2,2000
24,31,21,3,2007
24,32,30,3,1968
24,33,21,7,2007
24,34,30,3,1968
24,35,21,6,2007
24,38,30,2,1968
24,39,18,2,2000
24,41,21,3,2007
24,42,18,2,2000
24,43,21,8,2007
25,28,21,3,2007
25,30,20,2,2000
25,31,21,3,2007
25,32,30,4,1968
25,33,21,7,2007
25,34,30,4,1968
25,35,21,6,2007
25,38,20,3,2000
25,39,18,5,2000
25,41,21,3,2007
25,42,18,5,2000
25,43,21,8,2007
27,47,0,3,2008
27,48,47,2,1983
28,30,21,2,2007
28,31,21,2,2007
28,32,21,5,2007
28,33,21,7,2007
28,34,21,5,2007
28,35,21,6,2007
28,38,21,4,2007
28,41,21,3,2007
28,43,21,8,2007
30,31,21,2,2007
30,32,30,3,1968
30,33,21,7,2007
30,34,30,3,1968
30,35,21,6,2007
30,38,30,3,1968
30,39,18,2,2000
30,41,21,3,2007
30,42,18,1,2000
30,43,21,8,2007
31,32,40,1,1965
31,33,40,6,1965
31,34,21,5,2007
31,35,40,5,1965
31,38,21,4,2007
31,41,40,2,1965
31,43,40,7,1965
32,33,10,6,1963
32,34,5,2,1971
32,35,10,5,1963
32,38,10,2,1963
32,39,18,4,2000
32,41,10,2,1963
32,42,18,4,2000
32,43,10,7,1963
33,34,22,2,1981
33,35,3,2,1968
33,38,10,6,1963
33,39,18,9,2000
33,41,19,5,1977
33,42,18,9,2000
33,43,35,2,1969
34,35,22,2,1981
34,38,5,2,1971
34,39,18,4,2000
34,41,5,3,1971
34,42,18,4,2000
34,43,22,3,1981
35,38,10,5,1963
35,39,18,8,2000
35,41,19,4,1977
35,42,18,8,2000
35,43,3,3,1968
38,39,18,3,2000
38,41,10,2,1963
38,42,18,3,2000
38,43,10,7,1963
39,41,18,5,2000
39,42,18,2,2000
39,43,18,10,2000
41,42,18,5,2000
41,43,19,6,1977
42,43,18,10,2000
47,48,0,2,2008
