1,44
2,51
46,17
63,34
54,63
20,94
12,66
79,42
1,10
88,20
10,42
56,44
10,12
79,37
30,66
83,13
31,1
31,99
81,35
70,26
4,51
15,66
88,66
27,17
31,82
76,74
96,65
62,22
90,59
13,29
44,42
35,62
99,15
95,77
10,70
24,30
82,64
44,48
65,74
18,85
49,14
75,99
57,95
42,96
41,69
14,65
16,11
72,22
76,82
66,68
74,88
47,6
56,0
6,9
50,80
6,31
76,44
49,30
47,16
82,77
1,81
20,40
18,56
28,92
58,16
82,13
71,75
60,41
23,9
2,51
86,95
8,81
97,79
18,41
89,48
59,51
21,86
63,76
42,22
73,38
24,17
8,34
78,15
93,15
31,22
73,29
93,16
87,95
5,57
42,88
15,87
38,97
0,76
57,51
30,19
52,28
42,14
73,28
37,69
43,47
