0,0,0
0,1,1
0,2,2
0,3,1
0,4,3
0,5,1
0,6,1
0,7,1
0,8,4
0,9,2
0,10,3
0,11,1
0,12,2
0,13,3
0,14,2
0,15,3
0,16,3
0,17,3
0,18,1
0,19,4
0,20,1
0,21,3
0,22,1
0,23,3
0,24,1
0,25,1
0,26,1
0,27,2
0,28,1
0,29,2
0,30,2
0,31,2
0,32,2
0,33,1
0,34,0
0,35,5
0,36,4
0,37,1
0,38,2
0,39,1
0,40,1
0,41,0
0,42,2
0,43,4
0,44,3
0,45,1
0,46,5
0,47,1
0,48,3
0,49,1
1,0,3
1,1,0
1,2,2
1,3,3
1,4,3
1,5,1
1,6,3
1,7,1
1,8,4
1,9,3
1,10,3
1,11,0
1,12,2
1,13,2
1,14,2
1,15,2
1,16,4
1,17,3
1,18,1
1,19,6
1,20,0
1,21,5
1,22,0
1,23,2
1,24,0
1,25,0
1,26,2
1,27,2
1,28,1
1,29,2
1,30,4
1,31,3
1,32,2
1,33,1
1,34,3
1,35,5
1,36,3
1,37,3
1,38,4
1,39,2
1,40,3
1,41,3
1,42,4
1,43,4
1,44,3
1,45,2
1,46,5
1,47,3
1,48,2
1,49,0
2,0,7
2,1,5
2,2,0
2,3,6
2,4,7
2,5,3
2,6,5
2,7,5
2,8,6
2,9,5
2,10,5
2,11,5
2,12,4
2,13,4
2,14,4
2,15,4
2,16,8
2,17,7
2,18,5
2,19,8
2,20,5
2,21,6
2,22,2
2,23,4
2,24,5
2,25,2
2,26,6
2,27,6
2,28,5
2,29,4
2,30,6
2,31,6
2,32,6
2,33,5
2,34,5
2,35,8
2,36,5
2,37,5
2,38,6
2,39,5
2,40,5
2,41,5
2,42,6
2,43,6
2,44,6
2,45,3
2,46,6
2,47,5
2,48,4
2,49,2
3,0,3
3,1,3
3,2,2
3,3,0
3,4,4
3,5,2
3,6,3
3,7,2
3,8,4
3,9,1
3,10,4
3,11,3
3,12,3
3,13,3
3,14,3
3,15,3
3,16,4
3,17,3
3,18,3
3,19,6
3,20,3
3,21,5
3,22,3
3,23,3
3,24,3
3,25,3
3,26,4
3,27,2
3,28,3
3,29,3
3,30,3
3,31,2
3,32,2
3,33,1
3,34,3
3,35,7
3,36,6
3,37,3
3,38,5
3,39,3
3,40,4
3,41,3
3,42,3
3,43,5
3,44,5
3,45,4
3,46,6
3,47,3
3,48,3
3,49,1
4,0,2
4,1,0
4,2,1
4,3,1
4,4,0
4,5,0
4,6,0
4,7,0
4,8,3
4,9,2
4,10,2
4,11,0
4,12,1
4,13,2
4,14,1
4,15,2
4,16,3
4,17,2
4,18,0
4,19,3
4,20,0
4,21,3
4,22,0
4,23,2
4,24,0
4,25,0
4,26,1
4,27,1
4,28,0
4,29,1
4,30,2
4,31,1
4,32,1
4,33,0
4,34,0
4,35,4
4,36,3
4,37,0
4,38,2
4,39,0
4,40,0
4,41,0
4,42,1
4,43,3
4,44,2
4,45,1
4,46,4
4,47,0
4,48,2
4,49,0
5,0,4
5,1,2
5,2,3
5,3,3
5,4,4
5,5,0
5,6,2
5,7,2
5,8,3
5,9,4
5,10,2
5,11,2
5,12,1
5,13,4
5,14,3
5,15,4
5,16,5
5,17,4
5,18,2
5,19,5
5,20,2
5,21,4
5,22,2
5,23,4
5,24,2
5,25,2
5,26,3
5,27,3
5,28,2
5,29,1
5,30,3
5,31,3
5,32,3
5,33,2
5,34,2
5,35,5
5,36,5
5,37,2
5,38,3
5,39,2
5,40,3
5,41,2
5,42,3
5,43,3
5,44,4
5,45,3
5,46,4
5,47,2
5,48,4
5,49,2
6,0,2
6,1,0
6,2,1
6,3,1
6,4,2
6,5,0
6,6,0
6,7,0
6,8,3
6,9,2
6,10,2
6,11,0
6,12,1
6,13,2
6,14,1
6,15,2
6,16,3
6,17,2
6,18,0
6,19,3
6,20,0
6,21,3
6,22,0
6,23,2
6,24,0
6,25,0
6,26,1
6,27,1
6,28,0
6,29,1
6,30,2
6,31,1
6,32,1
6,33,0
6,34,0
6,35,4
6,36,3
6,37,0
6,38,2
6,39,0
6,40,1
6,41,0
6,42,1
6,43,3
6,44,2
6,45,1
6,46,4
6,47,0
6,48,2
6,49,0
7,0,2
7,1,2
7,2,1
7,3,3
7,4,3
7,5,1
7,6,2
7,7,0
7,8,3
7,9,3
7,10,3
7,11,2
7,12,2
7,13,2
7,14,1
7,15,2
7,16,5
7,17,2
7,18,1
7,19,5
7,20,2
7,21,5
7,22,2
7,23,2
7,24,2
7,25,2
7,26,3
7,27,1
7,28,2
7,29,2
7,30,4
7,31,2
7,32,1
7,33,0
7,34,2
7,35,6
7,36,5
7,37,2
7,38,4
7,39,2
7,40,2
7,41,2
7,42,3
7,43,4
7,44,4
7,45,3
7,46,5
7,47,2
7,48,2
7,49,0
8,0,2
8,1,2
8,2,1
8,3,3
8,4,3
8,5,1
8,6,2
8,7,0
8,8,0
8,9,3
8,10,3
8,11,2
8,12,2
8,13,2
8,14,1
8,15,2
8,16,5
8,17,2
8,18,1
8,19,5
8,20,2
8,21,5
8,22,2
8,23,2
8,24,2
8,25,2
8,26,3
8,27,1
8,28,2
8,29,2
8,30,4
8,31,2
8,32,1
8,33,0
8,34,2
8,35,6
8,36,5
8,37,2
8,38,4
8,39,2
8,40,2
8,41,2
8,42,3
8,43,4
8,44,4
8,45,3
8,46,5
8,47,2
8,48,2
8,49,0
9,0,3
9,1,2
9,2,2
9,3,3
9,4,4
9,5,2
9,6,2
9,7,1
9,8,4
9,9,0
9,10,4
9,11,2
9,12,3
9,13,3
9,14,2
9,15,3
9,16,3
9,17,3
9,18,2
9,19,5
9,20,2
9,21,4
9,22,2
9,23,3
9,24,2
9,25,2
9,26,3
9,27,2
9,28,2
9,29,3
9,30,4
9,31,3
9,32,2
9,33,1
9,34,2
9,35,6
9,36,5
9,37,2
9,38,4
9,39,2
9,40,3
9,41,2
9,42,3
9,43,5
9,44,4
9,45,3
9,46,6
9,47,2
9,48,3
9,49,1
10,0,3
10,1,3
10,2,2
10,3,4
10,4,4
10,5,2
10,6,3
10,7,1
10,8,1
10,9,3
10,10,0
10,11,3
10,12,2
10,13,3
10,14,2
10,15,3
10,16,3
10,17,2
10,18,2
10,19,6
10,20,3
10,21,2
10,22,3
10,23,3
10,24,3
10,25,3
10,26,4
10,27,2
10,28,3
10,29,2
10,30,1
10,31,3
10,32,1
10,33,1
10,34,3
10,35,6
10,36,6
10,37,3
10,38,1
10,39,3
10,40,3
10,41,3
10,42,4
10,43,4
10,44,5
10,45,4
10,46,2
10,47,3
10,48,2
10,49,1
11,0,3
11,1,3
11,2,2
11,3,4
11,4,3
11,5,1
11,6,3
11,7,1
11,8,4
11,9,3
11,10,3
11,11,0
11,12,2
11,13,2
11,14,2
11,15,2
11,16,4
11,17,3
11,18,1
11,19,6
11,20,0
11,21,5
11,22,0
11,23,2
11,24,0
11,25,0
11,26,2
11,27,2
11,28,1
11,29,2
11,30,4
11,31,3
11,32,2
11,33,1
11,34,3
11,35,5
11,36,3
11,37,3
11,38,4
11,39,3
11,40,3
11,41,3
11,42,4
11,43,4
11,44,3
11,45,2
11,46,5
11,47,3
11,48,2
11,49,0
12,0,3
12,1,1
12,2,2
12,3,2
12,4,3
12,5,1
12,6,1
12,7,1
12,8,2
12,9,3
12,10,1
12,11,1
12,12,0
12,13,3
12,14,2
12,15,3
12,16,4
12,17,3
12,18,1
12,19,4
12,20,1
12,21,3
12,22,1
12,23,3
12,24,1
12,25,1
12,26,2
12,27,2
12,28,1
12,29,0
12,30,2
12,31,2
12,32,2
12,33,1
12,34,1
12,35,4
12,36,4
12,37,1
12,38,2
12,39,1
12,40,2
12,41,1
12,42,2
12,43,2
12,44,3
12,45,2
12,46,3
12,47,1
12,48,3
12,49,1
13,0,3
13,1,1
13,2,2
13,3,2
13,4,3
13,5,1
13,6,1
13,7,1
13,8,2
13,9,1
13,10,1
13,11,1
13,12,0
13,13,0
13,14,2
13,15,3
13,16,4
13,17,3
13,18,1
13,19,4
13,20,1
13,21,3
13,22,1
13,23,0
13,24,1
13,25,1
13,26,2
13,27,2
13,28,1
13,29,0
13,30,2
13,31,2
13,32,2
13,33,1
13,34,1
13,35,4
13,36,4
13,37,1
13,38,2
13,39,1
13,40,2
13,41,1
13,42,2
13,43,2
13,44,3
13,45,2
13,46,3
13,47,1
13,48,0
13,49,1
14,0,5
14,1,5
14,2,4
14,3,6
14,4,5
14,5,4
14,6,5
14,7,3
14,8,6
14,9,6
14,10,5
14,11,5
14,12,5
14,13,5
14,14,0
14,15,5
14,16,6
14,17,5
14,18,3
14,19,8
14,20,5
14,21,7
14,22,5
14,23,5
14,24,5
14,25,5
14,26,4
14,27,4
14,28,3
14,29,5
14,30,6
14,31,4
14,32,4
14,33,3
14,34,5
14,35,9
14,36,8
14,37,5
14,38,6
14,39,5
14,40,5
14,41,5
14,42,6
14,43,7
14,44,7
14,45,4
14,46,7
14,47,5
14,48,5
14,49,3
15,0,3
15,1,1
15,2,2
15,3,2
15,4,3
15,5,1
15,6,1
15,7,1
15,8,2
15,9,1
15,10,1
15,11,1
15,12,0
15,13,0
15,14,1
15,15,0
15,16,4
15,17,3
15,18,1
15,19,4
15,20,1
15,21,3
15,22,1
15,23,0
15,24,1
15,25,1
15,26,2
15,27,2
15,28,1
15,29,0
15,30,2
15,31,2
15,32,2
15,33,1
15,34,1
15,35,4
15,36,4
15,37,1
15,38,2
15,39,1
15,40,2
15,41,1
15,42,2
15,43,2
15,44,3
15,45,2
15,46,3
15,47,1
15,48,0
15,49,1
16,0,4
16,1,4
16,2,3
16,3,5
16,4,4
16,5,3
16,6,4
16,7,2
16,8,4
16,9,4
16,10,4
16,11,2
16,12,3
16,13,4
16,14,3
16,15,4
16,16,0
16,17,3
16,18,2
16,19,7
16,20,2
16,21,4
16,22,2
16,23,4
16,24,2
16,25,2
16,26,2
16,27,3
16,28,3
16,29,3
16,30,3
16,31,4
16,32,3
16,33,2
16,34,1
16,35,5
16,36,5
16,37,4
16,38,3
16,39,4
16,40,4
16,41,4
16,42,5
16,43,3
16,44,5
16,45,2
16,46,6
16,47,4
16,48,3
16,49,2
17,0,3
17,1,1
17,2,2
17,3,4
17,4,3
17,5,2
17,6,3
17,7,1
17,8,1
17,9,4
17,10,4
17,11,1
17,12,3
17,13,3
17,14,2
17,15,3
17,16,4
17,17,0
17,18,1
17,19,4
17,20,1
17,21,5
17,22,1
17,23,3
17,24,1
17,25,1
17,26,2
17,27,2
17,28,1
17,29,3
17,30,5
17,31,3
17,32,2
17,33,1
17,34,3
17,35,6
17,36,4
17,37,1
17,38,5
17,39,3
17,40,3
17,41,3
17,42,2
17,43,4
17,44,4
17,45,2
17,46,6
17,47,3
17,48,3
17,49,1
18,0,2
18,1,2
18,2,1
18,3,3
18,4,2
18,5,1
18,6,2
18,7,0
18,8,3
18,9,3
18,10,3
18,11,2
18,12,2
18,13,2
18,14,1
18,15,2
18,16,5
18,17,2
18,18,0
18,19,5
18,20,2
18,21,5
18,22,2
18,23,2
18,24,2
18,25,2
18,26,3
18,27,1
18,28,2
18,29,2
18,30,4
18,31,2
18,32,1
18,33,0
18,34,2
18,35,6
18,36,5
18,37,2
18,38,4
18,39,2
18,40,2
18,41,2
18,42,3
18,43,4
18,44,4
18,45,3
18,46,5
18,47,2
18,48,2
18,49,0
19,0,3
19,1,1
19,2,2
19,3,2
19,4,3
19,5,1
19,6,1
19,7,1
19,8,2
19,9,1
19,10,1
19,11,1
19,12,0
19,13,3
19,14,2
19,15,3
19,16,4
19,17,3
19,18,1
19,19,0
19,20,1
19,21,3
19,22,1
19,23,3
19,24,1
19,25,1
19,26,2
19,27,2
19,28,1
19,29,0
19,30,2
19,31,2
19,32,2
19,33,1
19,34,1
19,35,4
19,36,1
19,37,1
19,38,2
19,39,1
19,40,2
19,41,1
19,42,2
19,43,2
19,44,2
19,45,2
19,46,3
19,47,1
19,48,0
19,49,1
20,0,3
20,1,3
20,2,2
20,3,4
20,4,3
20,5,2
20,6,3
20,7,1
20,8,4
20,9,4
20,10,4
20,11,3
20,12,3
20,13,3
20,14,2
20,15,3
20,16,4
20,17,3
20,18,1
20,19,6
20,20,0
20,21,5
20,22,3
20,23,3
20,24,3
20,25,3
20,26,2
20,27,2
20,28,1
20,29,3
20,30,5
20,31,3
20,32,2
20,33,1
20,34,3
20,35,5
20,36,6
20,37,3
20,38,5
20,39,3
20,40,3
20,41,3
20,42,4
20,43,5
20,44,3
20,45,2
20,46,6
20,47,3
20,48,3
20,49,1
21,0,3
21,1,4
21,2,2
21,3,4
21,4,6
21,5,2
21,6,4
21,7,4
21,8,4
21,9,4
21,10,4
21,11,4
21,12,3
21,13,3
21,14,4
21,15,3
21,16,6
21,17,3
21,18,4
21,19,7
21,20,4
21,21,0
21,22,3
21,23,3
21,24,3
21,25,3
21,26,4
21,27,2
21,28,4
21,29,3
21,30,5
21,31,3
21,32,2
21,33,1
21,34,3
21,35,7
21,36,6
21,37,4
21,38,5
21,39,4
21,40,4
21,41,3
21,42,5
21,43,5
21,44,6
21,45,4
21,46,6
21,47,4
21,48,3
21,49,1
22,0,5
22,1,3
22,2,4
22,3,4
22,4,5
22,5,1
22,6,3
22,7,3
22,8,4
22,9,3
22,10,3
22,11,3
22,12,2
22,13,2
22,14,2
22,15,2
22,16,6
22,17,5
22,18,3
22,19,6
22,20,3
22,21,5
22,22,0
22,23,2
22,24,3
22,25,0
22,26,4
22,27,4
22,28,3
22,29,2
22,30,4
22,31,4
22,32,4
22,33,3
22,34,3
22,35,6
22,36,3
22,37,3
22,38,4
22,39,3
22,40,4
22,41,3
22,42,4
22,43,4
22,44,4
22,45,4
22,46,5
22,47,3
22,48,2
22,49,0
23,0,3
23,1,1
23,2,2
23,3,2
23,4,3
23,5,1
23,6,1
23,7,1
23,8,2
23,9,1
23,10,1
23,11,1
23,12,0
23,13,3
23,14,2
23,15,3
23,16,4
23,17,3
23,18,1
23,19,4
23,20,1
23,21,3
23,22,1
23,23,0
23,24,1
23,25,1
23,26,2
23,27,2
23,28,1
23,29,0
23,30,2
23,31,2
23,32,2
23,33,1
23,34,1
23,35,4
23,36,4
23,37,1
23,38,2
23,39,1
23,40,2
23,41,1
23,42,2
23,43,2
23,44,3
23,45,2
23,46,3
23,47,1
23,48,0
23,49,1
24,0,4
24,1,3
24,2,3
24,3,4
24,4,5
24,5,1
24,6,3
24,7,3
24,8,4
24,9,3
24,10,3
24,11,3
24,12,2
24,13,2
24,14,2
24,15,2
24,16,6
24,17,4
24,18,3
24,19,6
24,20,3
24,21,5
24,22,0
24,23,2
24,24,0
24,25,0
24,26,4
24,27,3
24,28,3
24,29,2
24,30,4
24,31,4
24,32,3
24,33,3
24,34,3
24,35,6
24,36,3
24,37,3
24,38,4
24,39,3
24,40,4
24,41,3
24,42,4
24,43,4
24,44,4
24,45,4
24,46,5
24,47,3
24,48,2
24,49,0
25,0,5
25,1,3
25,2,4
25,3,4
25,4,5
25,5,1
25,6,3
25,7,3
25,8,4
25,9,3
25,10,3
25,11,3
25,12,2
25,13,2
25,14,3
25,15,2
25,16,6
25,17,5
25,18,3
25,19,6
25,20,3
25,21,5
25,22,3
25,23,2
25,24,3
25,25,0
25,26,4
25,27,4
25,28,3
25,29,2
25,30,4
25,31,4
25,32,4
25,33,3
25,34,3
25,35,6
25,36,6
25,37,3
25,38,4
25,39,3
25,40,4
25,41,3
25,42,4
25,43,4
25,44,5
25,45,4
25,46,5
25,47,3
25,48,2
25,49,0
26,0,5
26,1,4
26,2,4
26,3,5
26,4,5
26,5,4
26,6,4
26,7,3
26,8,6
26,9,6
26,10,6
26,11,3
26,12,5
26,13,5
26,14,4
26,15,5
26,16,2
26,17,5
26,18,3
26,19,7
26,20,3
26,21,3
26,22,3
26,23,5
26,24,3
26,25,3
26,26,0
26,27,4
26,28,4
26,29,5
26,30,4
26,31,5
26,32,4
26,33,3
26,34,2
26,35,7
26,36,6
26,37,4
26,38,4
26,39,4
26,40,5
26,41,4
26,42,5
26,43,5
26,44,6
26,45,0
26,46,8
26,47,4
26,48,5
26,49,3
27,0,1
27,1,2
27,2,0
27,3,2
27,4,4
27,5,1
27,6,2
27,7,2
27,8,2
27,9,3
27,10,3
27,11,2
27,12,2
27,13,3
27,14,3
27,15,3
27,16,4
27,17,1
27,18,2
27,19,5
27,20,2
27,21,4
27,22,1
27,23,3
27,24,1
27,25,1
27,26,2
27,27,0
27,28,2
27,29,1
27,30,3
27,31,3
27,32,0
27,33,2
27,34,1
27,35,6
27,36,4
27,37,2
27,38,3
27,39,2
27,40,2
27,41,1
27,42,3
27,43,4
27,44,4
27,45,2
27,46,5
27,47,2
27,48,3
27,49,1
28,0,2
28,1,2
28,2,1
28,3,3
28,4,2
28,5,1
28,6,2
28,7,0
28,8,3
28,9,3
28,10,3
28,11,2
28,12,2
28,13,2
28,14,1
28,15,2
28,16,3
28,17,2
28,18,0
28,19,5
28,20,2
28,21,4
28,22,2
28,23,2
28,24,2
28,25,2
28,26,1
28,27,1
28,28,0
28,29,2
28,30,4
28,31,2
28,32,1
28,33,0
28,34,2
28,35,6
28,36,5
28,37,2
28,38,4
28,39,2
28,40,2
28,41,2
28,42,3
28,43,4
28,44,4
28,45,1
28,46,5
28,47,2
28,48,2
28,49,0
29,0,3
29,1,1
29,2,2
29,3,2
29,4,3
29,5,1
29,6,1
29,7,1
29,8,4
29,9,3
29,10,3
29,11,1
29,12,2
29,13,3
29,14,2
29,15,3
29,16,4
29,17,3
29,18,1
29,19,4
29,20,1
29,21,4
29,22,1
29,23,3
29,24,1
29,25,1
29,26,2
29,27,2
29,28,1
29,29,0
29,30,3
29,31,2
29,32,2
29,33,1
29,34,1
29,35,5
29,36,4
29,37,1
29,38,3
29,39,1
29,40,2
29,41,1
29,42,2
29,43,4
29,44,3
29,45,2
29,46,5
29,47,1
29,48,3
29,49,1
30,0,2
30,1,2
30,2,1
30,3,3
30,4,3
30,5,1
30,6,2
30,7,0
30,8,3
30,9,3
30,10,3
30,11,2
30,12,2
30,13,2
30,14,1
30,15,2
30,16,2
30,17,2
30,18,1
30,19,5
30,20,2
30,21,5
30,22,2
30,23,2
30,24,2
30,25,2
30,26,3
30,27,1
30,28,2
30,29,2
30,30,0
30,31,2
30,32,1
30,33,0
30,34,2
30,35,6
30,36,5
30,37,2
30,38,4
30,39,2
30,40,2
30,41,2
30,42,3
30,43,4
30,44,4
30,45,3
30,46,5
30,47,2
30,48,2
30,49,0
31,0,2
31,1,3
31,2,4
31,3,3
31,4,5
31,5,3
31,6,3
31,7,3
31,8,3
31,9,4
31,10,5
31,11,3
31,12,4
31,13,5
31,14,4
31,15,5
31,16,4
31,17,5
31,18,3
31,19,6
31,20,3
31,21,5
31,22,3
31,23,5
31,24,3
31,25,3
31,26,3
31,27,4
31,28,3
31,29,4
31,30,4
31,31,0
31,32,4
31,33,3
31,34,2
31,35,7
31,36,6
31,37,3
31,38,4
31,39,3
31,40,3
31,41,2
31,42,3
31,43,6
31,44,5
31,45,3
31,46,7
31,47,3
31,48,5
31,49,3
32,0,4
32,1,2
32,2,3
32,3,3
32,4,4
32,5,2
32,6,2
32,7,2
32,8,2
32,9,4
32,10,4
32,11,2
32,12,3
32,13,4
32,14,3
32,15,4
32,16,5
32,17,1
32,18,2
32,19,5
32,20,2
32,21,5
32,22,2
32,23,4
32,24,2
32,25,2
32,26,3
32,27,3
32,28,2
32,29,1
32,30,4
32,31,3
32,32,0
32,33,2
32,34,2
32,35,6
32,36,5
32,37,2
32,38,4
32,39,2
32,40,3
32,41,2
32,42,3
32,43,5
32,44,4
32,45,3
32,46,6
32,47,2
32,48,4
32,49,2
33,0,2
33,1,3
33,2,1
33,3,3
33,4,5
33,5,1
33,6,3
33,7,3
33,8,3
33,9,3
33,10,3
33,11,3
33,12,2
33,13,2
33,14,3
33,15,2
33,16,5
33,17,2
33,18,3
33,19,6
33,20,3
33,21,5
33,22,2
33,23,2
33,24,2
33,25,2
33,26,3
33,27,1
33,28,3
33,29,2
33,30,4
33,31,2
33,32,1
33,33,0
33,34,2
33,35,6
33,36,5
33,37,3
33,38,4
33,39,3
33,40,3
33,41,2
33,42,4
33,43,4
33,44,5
33,45,3
33,46,5
33,47,3
33,48,2
33,49,0
34,0,3
34,1,3
34,2,2
34,3,4
34,4,3
34,5,2
34,6,3
34,7,1
34,8,4
34,9,4
34,10,4
34,11,1
34,12,3
34,13,3
34,14,2
34,15,3
34,16,3
34,17,3
34,18,1
34,19,6
34,20,1
34,21,3
34,22,1
34,23,3
34,24,1
34,25,1
34,26,1
34,27,2
34,28,2
34,29,3
34,30,2
34,31,3
34,32,2
34,33,1
34,34,0
34,35,6
34,36,4
34,37,3
34,38,2
34,39,3
34,40,3
34,41,3
34,42,4
34,43,5
34,44,4
34,45,1
34,46,6
34,47,3
34,48,3
34,49,1
35,0,7
35,1,5
35,2,5
35,3,7
35,4,7
35,5,6
35,6,6
35,7,5
35,8,7
35,9,8
35,10,6
35,11,5
35,12,7
35,13,7
35,14,6
35,15,7
35,16,4
35,17,7
35,18,5
35,19,8
35,20,5
35,21,5
35,22,5
35,23,7
35,24,5
35,25,5
35,26,2
35,27,6
35,28,5
35,29,7
35,30,6
35,31,7
35,32,6
35,33,5
35,34,4
35,35,0
35,36,3
35,37,5
35,38,6
35,39,6
35,40,7
35,41,6
35,42,6
35,43,7
35,44,4
35,45,2
35,46,8
35,47,6
35,48,7
35,49,5
36,0,4
36,1,4
36,2,3
36,3,5
36,4,4
36,5,3
36,6,4
36,7,2
36,8,5
36,9,5
36,10,5
36,11,4
36,12,4
36,13,4
36,14,3
36,15,4
36,16,7
36,17,4
36,18,2
36,19,7
36,20,4
36,21,7
36,22,4
36,23,4
36,24,4
36,25,4
36,26,5
36,27,3
36,28,4
36,29,4
36,30,5
36,31,4
36,32,3
36,33,2
36,34,4
36,35,3
36,36,0
36,37,4
36,38,6
36,39,4
36,40,4
36,41,4
36,42,5
36,43,6
36,44,1
36,45,5
36,46,7
36,47,4
36,48,4
36,49,2
37,0,2
37,1,0
37,2,1
37,3,3
37,4,2
37,5,1
37,6,2
37,7,0
37,8,3
37,9,3
37,10,3
37,11,0
37,12,2
37,13,2
37,14,1
37,15,2
37,16,3
37,17,2
37,18,0
37,19,3
37,20,0
37,21,4
37,22,0
37,23,2
37,24,0
37,25,0
37,26,1
37,27,1
37,28,0
37,29,2
37,30,4
37,31,2
37,32,1
37,33,0
37,34,2
37,35,5
37,36,3
37,37,0
37,38,4
37,39,2
37,40,2
37,41,2
37,42,1
37,43,4
37,44,3
37,45,1
37,46,5
37,47,2
37,48,2
37,49,0
38,0,2
38,1,2
38,2,1
38,3,3
38,4,3
38,5,1
38,6,2
38,7,0
38,8,3
38,9,2
38,10,2
38,11,2
38,12,1
38,13,2
38,14,1
38,15,2
38,16,2
38,17,2
38,18,1
38,19,5
38,20,2
38,21,1
38,22,2
38,23,2
38,24,2
38,25,2
38,26,3
38,27,1
38,28,2
38,29,1
38,30,0
38,31,2
38,32,1
38,33,0
38,34,2
38,35,5
38,36,5
38,37,2
38,38,0
38,39,2
38,40,2
38,41,2
38,42,3
38,43,3
38,44,4
38,45,3
38,46,4
38,47,2
38,48,1
38,49,0
39,0,4
39,1,1
39,2,3
39,3,4
39,4,4
39,5,2
39,6,4
39,7,2
39,8,5
39,9,4
39,10,4
39,11,1
39,12,3
39,13,3
39,14,3
39,15,3
39,16,5
39,17,4
39,18,2
39,19,7
39,20,1
39,21,6
39,22,1
39,23,3
39,24,1
39,25,1
39,26,3
39,27,3
39,28,2
39,29,3
39,30,5
39,31,4
39,32,3
39,33,2
39,34,4
39,35,4
39,36,4
39,37,4
39,38,5
39,39,0
39,40,4
39,41,4
39,42,5
39,43,5
39,44,2
39,45,3
39,46,6
39,47,4
39,48,3
39,49,1
40,0,2
40,1,0
40,2,1
40,3,1
40,4,2
40,5,0
40,6,0
40,7,0
40,8,3
40,9,2
40,10,2
40,11,0
40,12,1
40,13,2
40,14,1
40,15,2
40,16,3
40,17,2
40,18,0
40,19,3
40,20,0
40,21,3
40,22,0
40,23,2
40,24,0
40,25,0
40,26,1
40,27,1
40,28,0
40,29,1
40,30,2
40,31,1
40,32,1
40,33,0
40,34,0
40,35,4
40,36,3
40,37,0
40,38,2
40,39,0
40,40,0
40,41,0
40,42,1
40,43,3
40,44,2
40,45,1
40,46,4
40,47,0
40,48,2
40,49,0
41,0,3
41,1,1
41,2,2
41,3,1
41,4,3
41,5,1
41,6,1
41,7,1
41,8,4
41,9,2
41,10,3
41,11,1
41,12,2
41,13,3
41,14,2
41,15,3
41,16,3
41,17,3
41,18,1
41,19,4
41,20,1
41,21,3
41,22,1
41,23,3
41,24,1
41,25,1
41,26,1
41,27,2
41,28,1
41,29,2
41,30,2
41,31,2
41,32,2
41,33,1
41,34,0
41,35,5
41,36,4
41,37,1
41,38,2
41,39,1
41,40,1
41,41,0
41,42,2
41,43,4
41,44,3
41,45,1
41,46,5
41,47,1
41,48,3
41,49,1
42,0,4
42,1,3
42,2,1
42,3,4
42,4,5
42,5,1
42,6,3
42,7,3
42,8,4
42,9,3
42,10,3
42,11,3
42,12,2
42,13,2
42,14,2
42,15,2
42,16,6
42,17,4
42,18,3
42,19,4
42,20,3
42,21,5
42,22,0
42,23,2
42,24,0
42,25,0
42,26,4
42,27,3
42,28,3
42,29,2
42,30,4
42,31,4
42,32,3
42,33,3
42,34,3
42,35,6
42,36,3
42,37,3
42,38,4
42,39,3
42,40,4
42,41,3
42,42,0
42,43,4
42,44,4
42,45,4
42,46,5
42,47,3
42,48,2
42,49,0
43,0,4
43,1,2
43,2,3
43,3,3
43,4,4
43,5,0
43,6,2
43,7,2
43,8,3
43,9,4
43,10,2
43,11,2
43,12,1
43,13,4
43,14,3
43,15,4
43,16,5
43,17,4
43,18,2
43,19,5
43,20,2
43,21,4
43,22,2
43,23,4
43,24,2
43,25,2
43,26,3
43,27,3
43,28,2
43,29,1
43,30,3
43,31,3
43,32,3
43,33,2
43,34,2
43,35,2
43,36,5
43,37,2
43,38,3
43,39,2
43,40,3
43,41,2
43,42,2
43,43,0
43,44,4
43,45,3
43,46,4
43,47,2
43,48,4
43,49,2
44,0,3
44,1,3
44,2,2
44,3,4
44,4,3
44,5,2
44,6,3
44,7,1
44,8,4
44,9,4
44,10,4
44,11,3
44,12,3
44,13,3
44,14,2
44,15,3
44,16,6
44,17,3
44,18,1
44,19,6
44,20,3
44,21,6
44,22,3
44,23,3
44,24,3
44,25,3
44,26,4
44,27,2
44,28,3
44,29,3
44,30,5
44,31,3
44,32,2
44,33,1
44,34,3
44,35,2
44,36,5
44,37,3
44,38,5
44,39,3
44,40,3
44,41,3
44,42,4
44,43,5
44,44,0
44,45,4
44,46,6
44,47,3
44,48,3
44,49,1
45,0,6
45,1,4
45,2,5
45,3,5
45,4,6
45,5,4
45,6,4
45,7,4
45,8,7
45,9,6
45,10,6
45,11,4
45,12,5
45,13,6
45,14,5
45,15,6
45,16,7
45,17,6
45,18,4
45,19,7
45,20,4
45,21,3
45,22,4
45,23,6
45,24,4
45,25,4
45,26,5
45,27,5
45,28,4
45,29,5
45,30,6
45,31,5
45,32,5
45,33,4
45,34,4
45,35,8
45,36,7
45,37,4
45,38,6
45,39,4
45,40,5
45,41,4
45,42,5
45,43,7
45,44,6
45,45,0
45,46,8
45,47,4
45,48,6
45,49,4
46,0,2
46,1,1
46,2,1
46,3,2
46,4,3
46,5,1
46,6,1
46,7,1
46,8,2
46,9,3
46,10,1
46,11,1
46,12,0
46,13,2
46,14,2
46,15,2
46,16,4
46,17,2
46,18,1
46,19,4
46,20,1
46,21,3
46,22,1
46,23,2
46,24,1
46,25,1
46,26,2
46,27,1
46,28,1
46,29,0
46,30,2
46,31,2
46,32,1
46,33,0
46,34,1
46,35,4
46,36,4
46,37,1
46,38,2
46,39,1
46,40,2
46,41,1
46,42,2
46,43,2
46,44,3
46,45,2
46,46,0
46,47,1
46,48,2
46,49,0
47,0,3
47,1,1
47,2,2
47,3,1
47,4,3
47,5,1
47,6,1
47,7,1
47,8,4
47,9,2
47,10,3
47,11,1
47,12,2
47,13,3
47,14,2
47,15,3
47,16,3
47,17,3
47,18,1
47,19,4
47,20,1
47,21,3
47,22,1
47,23,3
47,24,1
47,25,1
47,26,1
47,27,2
47,28,1
47,29,2
47,30,2
47,31,1
47,32,2
47,33,1
47,34,0
47,35,4
47,36,4
47,37,1
47,38,2
47,39,0
47,40,1
47,41,0
47,42,2
47,43,4
47,44,2
47,45,1
47,46,5
47,47,0
47,48,3
47,49,1
48,0,3
48,1,1
48,2,2
48,3,2
48,4,3
48,5,1
48,6,1
48,7,1
48,8,2
48,9,1
48,10,1
48,11,1
48,12,0
48,13,3
48,14,2
48,15,3
48,16,4
48,17,3
48,18,1
48,19,4
48,20,1
48,21,3
48,22,1
48,23,3
48,24,1
48,25,1
48,26,2
48,27,2
48,28,1
48,29,0
48,30,2
48,31,2
48,32,2
48,33,1
48,34,1
48,35,4
48,36,4
48,37,1
48,38,2
48,39,1
48,40,2
48,41,1
48,42,2
48,43,2
48,44,3
48,45,2
48,46,3
48,47,1
48,48,0
48,49,1
49,0,5
49,1,3
49,2,4
49,3,4
49,4,5
49,5,1
49,6,3
49,7,3
49,8,4
49,9,5
49,10,3
49,11,3
49,12,2
49,13,4
49,14,4
49,15,4
49,16,6
49,17,5
49,18,3
49,19,6
49,20,3
49,21,5
49,22,3
49,23,4
49,24,3
49,25,2
49,26,4
49,27,4
49,28,3
49,29,2
49,30,4
49,31,4
49,32,4
49,33,3
49,34,3
49,35,6
49,36,6
49,37,3
49,38,4
49,39,3
49,40,4
49,41,3
49,42,4
49,43,4
49,44,5
49,45,4
49,46,5
49,47,3
49,48,4
49,49,0
