22 65
65 22
86 8
8 86
23 34
34 23
83 71
71 83
84 59
59 84
82 84
84 82
85 14
14 85
88 86
86 88
69 20
20 69
15 30
30 15
57 7
7 57
53 60
60 53
73 30
30 73
19 37
37 19
24 3
3 24
52 46
46 52
69 38
38 69
54 92
92 54
72 89
89 72
15 56
56 15
0 49
49 0
92 85
85 92
63 32
32 63
24 33
33 24
53 39
39 53
15 62
62 15
99 68
68 99
22 24
24 22
99 94
94 99
61 75
75 61
97 65
65 97
21 18
18 21
55 27
27 55
11 80
80 11
68 78
78 68
88 68
68 88
28 81
81 28
53 43
43 53
65 29
29 65
28 18
18 28
21 44
44 21
32 20
20 32
12 55
55 12
44 63
63 44
1 57
57 1
38 50
50 38
75 11
11 75
69 30
30 69
90 32
32 90
10 58
58 10
10 51
51 10
26 90
90 26
84 32
32 84
34 49
49 34
61 62
62 61
20 82
82 20
58 52
52 58
54 71
71 54
59 50
50 59
34 60
60 34
60 25
25 60
63 35
35 63
36 32
32 36
65 27
27 65
64 28
28 64
85 26
26 85
79 64
64 79
17 15
15 17
96 3
3 96
64 9
9 64
17 84
84 17
44 76
76 44
37 98
98 37
47 96
96 47
1 33
33 1
9 61
61 9
58 72
72 58
96 95
95 96
4 13
13 4
74 20
20 74
93 11
11 93
98 24
24 98
75 67
67 75
39 23
23 39
70 56
56 70
33 88
88 33
40 77
77 40
64 77
77 64
27 63
63 27
26 28
28 26
96 35
35 96
41 55
55 41
59 89
89 59
2 63
63 2
55 76
76 55
35 0
0 35
39 85
85 39
25 15
15 25
53 16
16 53
38 75
75 38
